0 1751
0 1039
0 1609
1 1643
1 2094
1 2008
1 917
1 1891
1 2099
1 1427
1 1879
2 2040
3 987
4 1394
4 964
4 966
4 2164
5 1759
5 1888
5 1791
5 1201
6 1691
7 847
8 2071
8 2227
8 867
8 1637
8 2020
9 1090
10 1513
10 1838
10 903
11 964
11 966
11 1394
11 2164
11 1866
12 1368
12 1961
12 1280
12 2249
12 1346
13 1508
13 1164
13 1713
14 1643
14 1257
14 1793
14 1601
14 901
14 1161
14 1577
14 1616
14 1432
14 1370
14 2022
14 1104
14 1959
14 1505
14 1348
14 1590
14 1692
14 1690
14 2064
15 1759
16 1192
16 2086
17 1002
18 978
18 842
19 1545
19 1189
19 1101
19 1804
19 1759
19 1888
20 964
20 966
20 1394
21 1417
21 1189
22 2380
23 1368
24 1839
25 999
25 2169
25 1054
25 1821
25 867
25 2154
25 2229
26 1394
26 966
26 1866
26 964
26 2164
27 1118
28 1579
29 2162
30 1300
30 1991
30 1454
31 1135
31 1670
31 1179
31 1032
31 1813
31 850
31 2100
31 881
32 1713
32 1508
32 946
32 1582
32 1164
33 1508
34 1759
34 1888
34 1791
34 1201
34 890
34 888
34 1223
34 1554
35 978
35 869
35 1346
35 1426
35 1153
36 1392
36 1412
36 1831
36 1408
37 1394
37 964
37 966
37 2164
37 1866
38 1201
38 1713
38 1494
38 1519
38 2133
38 864
38 1478
39 1643
39 1257
39 1793
39 1601
39 901
39 1432
39 1161
39 1616
39 1577
39 1370
39 2022
39 1104
39 1959
39 1505
39 1348
39 1590
39 1692
39 1690
39 2064
40 1165
40 1287
41 2078
41 2028
41 1410
41 1065
42 1792
42 2342
42 1221
43 1368
43 1280
43 1036
43 845
44 1709
44 1230
45 1935
45 853
45 1952
45 1743
45 1720
45 2129
45 1166
45 1872
45 2124
45 924
45 971
45 2130
45 1975
45 1973
45 926
45 1806
45 2147
45 1705
45 1337
45 1304
45 1779
45 1218
45 1423
45 2014
45 1693
45 1497
45 2084
45 1486
45 1738
45 957
45 1774
45 1481
45 1754
45 2113
45 1966
45 1817
45 2061
45 2309
45 993
45 1273
45 852
45 1061
45 1217
45 1410
45 1504
45 1313
45 1367
45 1984
45 1008
45 1514
45 1995
45 1064
45 1140
45 1827
45 1148
45 873
45 1415
45 1955
45 1232
45 995
45 2141
45 868
45 2097
45 1662
45 848
45 2131
45 1972
45 1546
45 1822
45 1557
45 953
45 2008
45 1674
45 963
45 2123
45 1682
45 1296
45 1573
45 1934
45 1028
45 1871
45 1369
45 1706
45 1857
45 1686
45 1741
45 1204
45 1949
45 2144
45 1766
45 899
45 2054
45 1938
45 1390
45 1538
45 2069
45 1886
45 2052
45 1764
45 2126
45 1603
45 1026
45 1548
45 1254
45 1117
45 1877
45 2145
45 915
45 1258
45 1551
45 1319
45 2281
45 1512
45 1199
45 1018
45 1402
45 994
45 884
45 1413
45 1639
45 1307
45 1071
45 2004
45 2153
45 1847
45 1907
45 1556
45 1399
45 1654
45 1477
45 1060
45 980
45 2089
45 1033
45 1396
45 1818
45 1695
45 1110
45 991
45 1433
45 1130
45 1789
45 893
45 1233
45 1297
45 1630
45 1785
46 2328
47 2297
47 2310
48 2071
48 867
48 1637
49 2285
50 999
50 1054
50 2169
51 1214
51 1308
52 847
53 1879
53 1721
54 1685
54 1389
54 2172
54 1346
54 1024
54 1398
54 1985
54 2093
54 1808
54 1958
55 1518
55 1605
55 1135
55 1670
55 1179
56 2071
56 1902
56 1637
57 1623
58 2016
58 1236
59 1368
60 1759
60 1888
60 1713
60 1508
60 1223
60 1554
60 1791
60 1974
60 1569
60 1164
60 851
60 2279
61 1668
61 2128
61 1412
61 987
61 1893
61 912
61 2025
61 1864
61 895
61 2009
61 2163
62 1488
62 1998
62 1382
63 1223
63 1554
63 1569
63 1759
63 1888
63 1791
64 1271
65 1713
65 1508
65 1484
65 867
66 1211
66 842
67 2380
67 2322
68 2337
69 1807
69 1861
69 1820
69 2281
69 1363
69 2121
69 1897
69 1860
69 1288
69 1881
69 2240
69 2178
69 1094
70 964
70 1819
70 1939
70 907
70 2285
71 1833
71 1424
71 2364
71 1209
71 1848
71 1728
71 1139
71 1925
72 1782
72 1953
72 1865
72 1708
72 1620
73 1577
74 868
74 1216
74 1259
74 1376
74 1304
75 1713
75 1508
76 1839
76 1207
76 1526
77 1861
77 2178
77 2107
78 1440
79 1713
79 1508
79 946
79 1164
80 2297
80 2310
80 939
81 1643
81 1257
81 1793
81 1601
81 901
81 1432
81 927
81 1503
81 1447
81 1946
82 999
82 1054
82 2169
82 910
83 2092
83 1627
84 1861
85 1501
85 1392
85 2128
85 1668
85 1274
86 1713
86 1759
86 858
86 1508
86 1873
86 1496
86 1025
86 1201
86 965
86 1791
86 1888
86 1569
86 1554
86 1223
86 1403
86 1372
86 956
87 1792
87 1409
88 1713
88 1508
89 2310
89 2297
89 2352
89 1301
89 2345
90 1047
91 1368
92 1189
92 1417
92 1819
92 1790
92 1223
92 1759
92 964
92 1643
92 1009
92 1118
92 1648
92 960
92 1466
92 2017
92 847
92 1653
92 1761
92 1393
92 907
92 946
92 1582
92 1484
92 997
92 1879
92 1101
93 1291
93 2338
93 1681
94 2173
94 887
94 1210
94 2038
94 1442
94 1040
94 1354
94 1541
94 894
94 1115
95 1417
95 1118
96 1819
96 1790
96 1009
97 2285
97 964
97 966
97 1394
97 2164
97 1503
98 1334
98 2342
98 2311
99 1417
99 1101
99 1189
99 1759
99 964
99 847
100 1850
101 999
101 2169
101 1054
101 1841
101 972
101 1427
101 1458
102 1009
102 1118
102 1417
102 946
102 1189
102 1101
102 1888
102 1223
102 1759
102 1201
103 1643
103 1350
103 2008
103 2059
103 865
103 907
103 1257
103 1237
103 1156
103 901
103 1601
103 1793
103 917
103 1520
103 1776
103 1432
103 1447
103 1647
103 1747
103 927
103 1632
103 1610
103 1355
103 965
103 2304
103 1373
103 1503
103 2125
103 1161
103 1577
103 1616
103 1578
103 933
103 2043
103 1532
103 1899
103 1500
103 1941
103 1370
103 1104
103 1505
103 1348
103 2064
103 1959
103 1260
103 1182
103 1729
103 2127
103 1990
103 1213
103 1419
103 2027
104 1819
104 1790
104 1009
104 946
105 1616
105 1577
105 1292
105 942
105 1879
106 1411
106 1829
106 2345
107 1501
107 1668
107 1341
107 1274
108 1116
108 2182
109 919
109 1142
109 1688
109 1862
109 1565
109 1468
109 1592
109 1461
109 1617
110 1771
111 2319
111 2328
112 2281
113 2168
113 1510
113 1294
114 847
114 1156
114 933
114 1650
114 1578
114 1623
114 1494
114 1162
114 1819
114 1875
114 1761
115 2168
116 1269
117 2289
117 2177
118 1513
118 1838
118 903
119 1478
119 1052
119 1771
119 1797
119 939
119 1830
119 2053
120 1482
121 1944
121 1167
122 1771
123 1368
124 1869
124 1516
124 1814
124 1023
124 1936
124 1543
124 2180
124 1587
124 1844
124 1099
124 1051
124 1349
124 2011
124 1206
124 2077
124 1849
124 2069
124 1170
125 1145
126 978
127 1157
127 1354
128 1368
129 1225
129 1014
129 1157
129 1993
129 1442
129 2149
129 1306
129 1507
129 1425
130 1089
130 1582
130 1009
130 1819
130 1759
130 1888
130 1791
130 1223
130 1554
130 1189
130 1875
130 946
130 1755
130 1118
130 1393
131 1089
131 1582
131 1223
131 1393
132 1819
132 1466
132 2017
132 946
132 1393
132 1009
132 1089
132 1554
132 1223
132 1569
132 1335
132 1790
132 1582
132 1118
132 1759
132 1888
132 1791
133 1009
133 1118
133 1417
133 946
133 847
133 1759
133 1223
134 1637
135 975
135 1687
135 1356
136 999
136 2169
137 1009
137 1819
137 946
137 1582
137 1089
137 1016
137 1118
137 907
137 1648
137 960
137 1790
137 1335
137 1466
137 2017
137 847
137 1759
137 1888
137 1791
137 1223
137 1554
137 1569
137 964
137 966
137 1394
137 2164
137 1866
138 1753
139 1235
139 1715
139 1664
140 1974
140 2301
140 1451
140 2354
141 1623
141 1494
141 1162
141 847
141 1427
142 1490
142 2096
142 1823
142 1126
143 1266
143 1524
144 1776
144 966
144 1394
145 1905
145 1963
145 1346
145 2026
145 1316
145 1950
145 2182
145 1703
145 1589
146 2297
146 2310
147 2162
147 1884
148 2133
148 864
149 1115
149 2038
149 1210
150 1643
150 1616
150 2022
151 1269
151 1478
152 2071
152 2227
152 1637
153 1862
153 919
154 1014
155 1714
155 1243
155 1069
155 1470
155 1096
155 1689
155 2367
155 1749
155 1608
155 1081
155 940
155 1065
155 1020
155 1410
155 1385
155 1581
155 1878
155 989
155 1600
155 935
155 1835
155 1476
156 847
157 2070
158 2337
159 1759
159 1888
159 1791
160 2319
161 1009
161 1819
161 946
161 847
161 2017
161 1653
162 2136
163 1269
163 2161
164 1014
164 1425
165 1300
165 1991
165 1454
166 1850
167 1466
167 1819
167 946
167 1393
167 1009
167 847
168 1759
168 1888
168 1791
169 1643
169 1257
169 1793
169 1601
169 901
169 1432
169 1879
170 1492
171 1189
171 1417
172 1269
173 1368
173 2071
174 2112
174 1478
175 2173
175 887
175 1859
175 1529
175 928
176 1189
176 1417
176 1009
176 847
176 1759
176 1791
176 964
176 966
176 1394
176 2164
176 1866
176 962
176 1331
176 1118
176 1888
176 960
176 1875
176 1819
176 1201
176 1101
176 946
176 1648
176 1912
176 1448
177 1145
178 907
179 1717
180 1508
181 964
181 1101
181 847
182 1582
182 1089
182 1755
182 946
183 847
183 1047
183 1480
183 997
183 1545
184 1833
184 1424
185 1944
185 1350
185 1237
185 907
185 1101
186 1643
186 1257
186 1793
186 1601
186 901
186 1432
186 927
186 1503
186 1447
186 1946
186 1346
187 1721
187 1257
187 1601
187 901
187 1432
187 1793
187 1643
187 1577
187 2022
188 847
188 1417
188 1189
188 1101
189 1824
189 1144
189 1760
189 2083
189 2259
189 1228
189 1048
189 1787
189 1730
190 847
190 966
191 1759
191 1888
191 1791
191 1201
191 890
191 888
192 1637
192 867
192 1902
193 1115
193 2038
193 1210
193 1438
193 1040
193 1354
193 1960
193 1604
193 2003
193 1299
194 1151
194 1549
194 2041
195 2297
195 2056
195 1398
195 2132
195 1678
196 1157
196 1325
196 1175
196 1640
196 2105
196 1354
196 1040
196 1928
196 1502
196 1283
196 1992
196 1656
196 1602
196 938
196 841
196 859
196 898
196 2072
196 1504
196 2122
196 2023
196 1215
196 2342
197 1637
198 2104
199 1398
199 2297
199 2310
199 1478
199 2056
199 2042
199 1926
199 2085
199 2114
199 2005
200 1667
200 1637
200 1660
200 2337
200 1201
200 1346
200 1458
201 1992
202 1668
202 2128
202 1222
202 1412
202 2168
202 1392
202 1501
202 1274
202 1986
202 1665
202 1310
202 1513
202 1340
202 929
203 1379
203 2030
203 2182
204 1368
205 2112
205 1663
206 1819
206 1009
207 1454
208 1812
209 2285
209 2361
209 1703
210 1879
210 1140
210 1261
211 1643
211 1721
212 1189
212 1417
212 1009
212 946
212 847
212 1759
212 1791
212 964
212 966
212 1394
212 2164
212 1866
212 1118
212 1648
212 1888
212 1484
212 1437
212 1819
212 1962
212 1205
213 999
213 2169
213 1054
214 964
214 966
214 1394
214 2164
214 1866
215 946
215 1009
215 2017
216 1965
216 1085
217 897
218 999
218 2169
218 1054
219 1643
219 1257
219 1793
219 1601
219 901
219 1432
219 1161
219 1616
219 1577
219 1370
219 2022
219 1104
219 1959
219 1505
219 1348
219 1590
219 1692
219 1690
219 2064
219 1721
219 1879
220 1225
221 954
222 1819
222 1790
222 1427
223 1713
223 1508
223 1164
223 946
223 1582
224 2328
224 2319
225 1861
225 1346
226 1819
226 2075
226 1759
226 1427
226 1124
226 1934
227 1637
227 867
228 1643
228 1257
228 1793
228 1601
228 901
228 1432
228 927
228 1503
228 1447
228 1946
229 1332
229 1839
229 1947
229 2345
230 999
230 1054
231 999
232 1643
232 1257
232 1793
232 901
232 1721
232 1879
233 1454
233 1783
234 1156
234 1452
234 2018
234 933
234 1578
234 2160
235 1643
235 1257
235 1793
235 1577
235 2022
236 1088
236 1661
236 1350
236 1776
236 1417
236 2106
236 1532
236 927
236 2043
236 1632
236 1503
236 999
236 2169
236 1054
236 878
236 1189
237 946
237 1819
237 1009
237 1569
237 1888
238 978
238 1855
239 1713
239 1508
240 1436
240 1935
241 1602
241 1157
241 2122
241 854
241 1325
241 1537
241 2162
241 1884
241 1921
241 904
242 1189
242 1417
242 1101
242 2380
242 2322
243 1520
244 1092
244 2165
244 1381
244 1140
244 1513
245 1454
245 1783
246 1935
247 867
248 1300
248 1991
248 1454
249 1417
249 1189
249 1009
249 964
249 966
249 1394
249 2164
249 1866
250 978
251 985
251 1123
251 1107
251 1745
252 1819
252 1790
252 1009
252 946
252 1759
252 1888
252 847
252 1201
252 1875
252 1466
252 2017
252 1335
252 1118
252 1780
252 1653
252 1484
252 964
252 1394
252 2134
252 1427
252 2012
252 1648
252 960
252 997
253 2310
253 2297
253 1003
254 847
255 1643
255 1257
255 1793
255 1601
255 901
255 1432
255 1161
255 1616
255 1577
255 1370
255 2022
255 1104
255 1959
255 1505
255 1348
255 1590
255 1692
255 1690
255 2064
256 1454
256 1201
256 932
256 1703
257 1101
258 1271
258 873
259 1873
259 1014
259 1746
259 1781
259 894
260 855
260 1388
261 847
261 1047
261 1189
261 1417
261 1009
261 1393
261 1118
261 964
261 966
261 1394
261 2164
261 1866
261 1759
261 1888
261 1791
261 946
261 1223
261 1554
261 1569
261 1819
261 1648
261 997
261 1201
262 1417
262 1189
262 1101
263 847
263 1458
264 1713
264 1508
265 1361
265 1293
266 1271
266 1736
266 968
266 955
266 1904
266 1346
267 975
267 1687
268 1156
268 933
268 1650
268 1578
268 865
268 2018
268 1405
268 1740
268 1902
268 1855
269 1054
269 999
269 2169
269 1378
270 1101
270 1417
270 1189
270 1545
270 856
270 1804
270 1223
270 1554
270 1569
270 2380
270 2322
271 1842
272 2173
273 1189
273 847
273 964
273 966
273 1394
273 2164
273 1866
273 1653
273 1009
273 1118
273 960
273 1819
273 1484
274 1545
274 1223
274 1759
274 1101
275 1301
275 1535
276 2281
277 1089
277 1582
278 1223
279 2310
279 2297
279 1626
280 2310
280 2297
281 1691
281 1398
282 1790
282 1393
283 1667
283 2296
284 1009
284 1819
284 946
284 1582
284 1089
284 1016
284 1118
284 907
284 1648
284 960
284 1790
284 1335
284 1466
284 2017
284 847
284 1759
284 1888
284 1223
284 1554
284 1569
284 964
284 966
284 1394
284 2164
284 1866
285 1577
285 1570
286 847
286 964
286 966
286 1394
286 2164
286 1866
287 2285
287 1727
287 1644
287 988
287 861
287 1058
287 1776
287 1532
287 927
287 1899
287 1500
287 1503
287 2125
287 1237
287 1632
287 1941
287 2043
287 2361
288 1309
289 1643
289 1257
289 1793
289 1601
289 901
289 1432
289 927
289 1503
289 1447
289 1946
289 1879
289 1583
289 1346
290 1352
290 1439
291 964
291 1776
292 1392
292 1311
292 1501
292 1191
293 867
293 2020
294 1332
294 1989
294 862
294 1473
294 990
295 2297
295 2310
295 1736
295 1920
295 1253
295 1917
295 1478
295 990
295 1620
295 1771
296 1454
296 1562
297 1156
297 1452
297 2018
297 933
297 1578
297 1494
297 1519
297 1427
297 1971
297 1588
297 1902
297 1874
297 1124
298 1513
298 1838
299 1005
299 1454
300 847
300 1201
301 1009
301 1819
301 1790
301 1335
301 1466
301 2017
301 946
301 1582
301 1089
301 1016
301 1118
301 907
301 1648
301 960
301 847
301 1759
301 1888
301 1223
301 1554
301 1569
301 964
301 966
301 1394
301 2164
301 1866
301 1393
301 2117
301 1875
301 1047
301 997
301 1879
301 1437
302 1819
302 1009
302 1118
302 1648
302 1201
302 1759
302 1888
302 1791
303 1841
303 1494
303 1519
303 1839
303 992
303 1124
303 1427
303 1971
303 1588
303 1201
304 1214
305 1732
305 873
305 1811
305 1262
305 945
305 2161
306 2019
306 851
306 1250
306 2120
306 2297
306 2012
307 2337
308 1667
308 2301
308 2249
308 1605
308 1969
308 1572
308 1091
308 1188
308 1049
308 1219
308 1137
308 1076
308 1201
308 890
308 888
308 1346
309 1637
309 1496
310 1758
310 1830
310 1560
310 1282
311 1252
311 1663
311 2112
312 2282
312 851
312 1558
312 2140
313 2281
314 1424
314 1833
315 1759
315 1888
315 1791
316 1189
316 1101
316 1759
316 1223
316 1417
316 1508
316 1713
316 1982
316 851
316 1913
316 1268
317 1342
318 1398
318 2020
319 879
319 1977
319 1404
319 1822
320 999
320 2169
321 1704
322 2328
323 1643
323 1257
323 1793
323 901
323 1721
324 1637
324 2118
325 1637
326 1658
326 1271
327 847
327 1047
327 1759
327 1223
327 1009
327 960
328 2071
329 1368
330 1643
330 1257
330 1793
330 901
330 1370
330 2022
330 1104
330 1161
330 1616
330 1577
330 1959
330 1505
330 1348
330 1590
330 1692
330 1690
330 1879
331 1508
332 2319
332 1285
332 1012
333 939
333 1758
333 1282
333 1560
333 1830
333 2053
333 1516
334 964
334 966
334 1776
334 2285
334 1394
334 2164
335 1501
336 1368
337 1090
337 1342
337 1274
338 1054
338 1979
338 1641
338 1264
338 2116
338 1908
338 1761
338 999
338 1101
338 1189
338 1417
338 2229
339 1839
340 1160
340 2026
340 1589
341 999
341 2043
341 1532
342 847
343 1223
343 1554
344 1762
344 1852
344 1159
344 986
344 1483
344 2386
345 2136
346 1595
346 1964
347 1223
347 1554
347 1569
347 1178
348 1508
348 1713
348 1164
348 1772
348 851
349 1759
349 1223
349 1569
349 1554
349 1427
349 1508
349 1888
349 1791
350 2363
351 2071
351 1637
352 978
352 1926
353 2358
353 1910
353 867
353 2071
353 1637
354 1100
354 1201
354 2026
354 1950
355 1145
356 1156
356 1452
356 2018
356 1494
356 1519
356 933
356 1578
357 2071
358 1643
358 1257
358 1793
358 2022
358 1978
359 1115
359 2038
359 1210
359 1541
359 2120
359 1960
359 1672
359 1354
360 1368
361 847
362 1753
363 1095
363 1035
364 1214
365 1641
365 1350
365 1264
366 1454
367 1643
367 1257
367 1793
367 901
367 1370
367 2022
367 1104
367 1161
367 1577
367 1959
367 1505
367 1348
367 1590
367 1692
367 1690
367 1879
368 1089
368 1582
368 1755
369 1759
370 950
370 1559
370 1642
370 1885
371 1861
372 1819
372 1009
372 1118
372 1790
372 2017
372 2164
372 966
372 1394
372 964
372 1888
372 1866
372 1759
372 847
372 1791
373 1527
373 843
373 1239
373 1050
373 1574
373 1085
373 1274
373 1771
373 1797
373 1478
374 2285
374 2361
375 1595
375 1964
376 1721
376 1643
376 1161
376 1370
376 1959
376 1505
377 1643
377 1257
377 1793
377 901
377 1370
377 2022
377 1104
377 1161
377 1616
377 1577
377 1959
377 1505
377 1348
377 1590
377 1692
377 1690
378 1545
378 1101
378 1696
378 1804
378 1189
378 1586
378 1437
378 1819
378 2322
378 1417
378 2381
378 1377
379 847
379 1464
379 1462
379 2066
379 2033
379 1573
380 1605
381 2297
381 2310
382 999
383 1819
383 1009
383 946
383 1582
383 1393
383 1118
383 2117
383 1648
383 960
383 1223
383 1554
383 1569
383 1759
383 1790
383 1466
383 2017
383 847
383 1047
383 1713
383 1508
384 2104
385 1967
385 2227
385 1007
386 847
386 1201
386 1912
386 1904
387 1879
387 1515
387 1049
387 1891
387 2094
387 917
387 2099
388 1637
389 1454
389 1658
389 873
390 1156
390 933
390 1650
390 1578
390 865
390 2018
390 1405
390 1740
390 1162
390 1623
390 1676
390 1841
390 1201
390 978
390 1252
390 1417
390 1759
390 1888
390 1791
391 2112
391 1478
392 1643
392 927
392 1503
392 1447
392 1946
392 1583
392 1346
393 1664
394 1643
394 1257
394 1793
394 1601
394 901
394 1432
394 927
394 1503
394 1447
394 1946
394 1879
395 1047
396 1368
397 1508
398 847
398 1009
398 1118
398 964
398 966
398 1394
398 960
399 1189
399 1417
399 1009
399 946
399 2169
399 1054
399 1122
399 2159
399 1759
399 1791
399 1223
399 847
399 964
399 966
399 1394
399 2164
399 1866
399 985
399 1891
399 962
399 1331
399 1047
399 997
399 1088
399 1118
399 1888
399 960
399 1089
399 999
399 1582
399 1648
399 1123
399 1437
400 1301
401 2310
401 2297
401 1618
402 1150
402 2287
403 1226
403 2067
403 1201
404 1014
405 2310
405 2297
406 1368
407 1090
408 1897
409 1819
409 1466
409 1201
409 1427
410 1594
410 2051
410 1443
410 844
410 1713
410 1508
411 2112
411 1478
412 1394
412 966
412 964
413 867
413 1914
413 1186
413 1983
413 1637
413 1201
413 1346
413 1765
413 2020
414 2104
414 1832
414 908
415 1687
415 975
416 1776
416 2285
416 927
416 1632
417 1637
418 978
418 1944
418 1427
419 1417
419 1201
420 1145
421 867
421 2020
422 1637
422 1855
422 1346
423 1790
423 1713
423 1508
423 1484
424 867
424 1346
424 2020
425 1643
425 1257
425 1793
425 1601
425 901
425 1432
425 927
425 1503
425 1447
425 1946
425 2352
425 1394
426 1635
426 1081
427 1047
428 1623
429 1300
429 1991
429 1454
430 1229
431 1545
431 1819
432 2310
432 2297
432 1003
432 2016
432 1595
432 2042
432 1079
432 1705
432 1430
432 1314
432 877
433 1417
433 907
433 960
433 1582
433 946
433 1713
434 1819
434 1466
435 1894
436 978
436 964
436 966
436 1394
436 962
436 1331
436 1201
436 1448
437 1368
438 2297
439 2168
440 1668
440 2128
440 1412
441 1704
442 1973
442 1932
442 1344
442 2360
443 964
444 1482
445 847
446 857
446 882
446 1353
447 907
448 1237
448 1416
448 964
448 966
448 1394
449 1819
449 1790
449 1335
449 1466
449 2017
449 1101
449 2177
449 946
449 960
449 1875
449 1189
449 1417
449 907
449 1729
449 2279
449 1545
450 2286
450 1231
450 1951
450 1675
450 1015
450 2049
450 1220
450 1006
450 1180
451 1890
451 1151
451 1174
451 2020
452 847
452 964
452 1458
453 1201
453 1366
453 1651
454 1237
455 2128
455 1222
455 1341
455 1668
456 919
457 964
457 966
458 2297
458 1284
459 1223
459 2348
460 1819
461 1113
461 1086
461 1303
461 1346
462 1040
462 1115
462 1354
462 2038
462 1210
462 1442
462 1575
462 1438
463 2071
463 867
464 2104
465 1173
465 1320
465 2231
465 2312
465 2385
465 2325
465 1540
466 847
467 2119
467 1453
468 1187
468 1046
468 2152
468 984
468 1441
468 2383
468 1645
468 1404
469 1617
469 906
469 1435
470 1332
470 1670
471 1520
472 2358
472 1196
473 1850
474 869
474 867
474 1346
475 2112
475 1873
476 1159
476 1762
476 1384
476 1472
476 1710
477 1101
477 1189
477 1532
478 1157
478 1602
478 1354
478 894
478 1781
478 1442
478 1541
478 2120
478 1960
478 1672
478 1640
478 1325
478 2122
478 2038
478 1438
479 1482
480 1368
481 1165
481 1287
482 1009
482 1819
482 1790
482 1466
482 2017
482 946
482 1648
482 960
482 1759
482 847
482 1569
483 1087
483 1724
483 1994
484 978
484 1346
485 1084
485 2217
485 2178
485 1621
485 1883
485 1748
485 1273
485 2015
485 993
485 1707
485 1277
485 870
485 1580
485 1794
485 1445
485 2240
485 1677
485 2255
485 1193
485 2308
485 1922
485 1954
485 1584
485 2080
485 2111
485 1795
485 1845
485 2355
485 1796
485 2090
485 1671
485 876
485 1249
485 2380
485 849
485 2029
485 1882
485 1699
485 2044
485 1868
485 2146
485 2082
485 1923
485 1169
485 2060
485 1044
485 1131
485 1856
485 1242
485 2001
485 2095
485 2108
485 2151
485 1248
485 1669
485 1716
485 1800
485 1530
485 2322
485 1093
485 1200
485 871
485 1489
485 1324
485 1463
485 925
485 1256
485 1358
485 1004
485 1183
485 1406
485 2098
485 909
485 981
485 1694
485 1333
485 1571
485 1997
485 2110
485 1149
485 1593
485 1467
485 1275
485 1129
485 1075
485 1763
486 1394
486 964
486 966
486 2164
486 1866
487 2297
487 2310
488 1759
488 1888
488 1791
488 1223
488 1554
488 1569
488 1713
488 1508
488 1164
488 1974
488 1545
488 856
489 1466
489 1819
489 2017
489 946
489 1089
489 1393
489 1790
489 1335
489 1582
489 1009
489 1118
489 1223
489 1554
489 1569
490 1508
491 999
491 2169
491 1054
492 1090
493 1223
493 1009
493 1118
493 847
493 1189
493 1417
493 997
493 946
493 1569
493 1393
493 1755
493 1554
493 1466
493 1054
493 1101
493 960
493 1819
493 1648
493 1653
493 1875
494 1508
494 1713
494 1164
495 1908
495 1979
495 1606
495 1350
495 847
495 1189
495 1944
496 847
497 1417
497 1201
497 1118
497 1646
498 1047
498 2285
498 2361
499 1089
499 1582
499 1755
499 946
499 1016
499 1393
499 960
500 1891
500 2138
500 1387
500 1360
500 2010
500 1418
500 1212
500 1655
500 1168
500 1317
500 1290
500 1328
500 1120
500 2139
500 962
500 1331
501 1223
501 1554
502 1101
502 1888
503 867
503 1765
503 1914
503 947
503 1916
503 949
503 1346
503 1637
503 2020
504 1643
504 1257
504 1793
504 1601
504 901
504 1432
504 1161
504 1616
504 1577
504 1370
504 2022
504 1104
504 1959
504 1505
504 1348
504 1590
504 1692
504 1690
504 2064
504 1721
504 1879
505 907
506 1452
506 1519
506 1676
506 1668
506 1583
506 1550
506 1127
507 1189
507 1417
507 1101
507 1583
508 1771
508 1455
508 1478
508 1797
508 1346
509 2071
509 867
510 2091
510 1558
511 2370
512 1453
513 1115
513 2038
513 1210
513 1354
513 1438
513 1040
513 1541
513 2120
513 1781
513 2057
513 1122
513 1175
513 887
513 2173
513 1114
513 2072
513 1157
513 894
514 1118
514 1119
514 1322
515 1162
516 2071
516 1703
516 1637
517 1417
517 847
517 1759
517 964
517 1118
518 1897
519 978
519 2010
519 1331
519 1201
520 847
520 1819
520 964
520 966
520 1394
520 2164
520 1866
520 1759
520 1009
520 1427
520 1047
521 1643
521 1257
521 1793
521 1601
521 901
521 1432
521 1161
521 1616
521 1577
521 1370
521 2022
521 1104
521 1959
521 1505
521 1348
521 1590
521 1692
521 1690
521 2064
521 1879
522 1643
522 1879
523 1089
523 1582
523 1755
523 946
524 1637
525 867
525 1914
525 1637
525 2337
525 2020
526 1014
527 2297
527 2310
528 1100
528 2363
529 2322
530 1466
530 2017
530 1819
530 1335
530 1790
530 946
530 1554
531 1758
531 939
531 1282
531 1830
531 1560
531 2053
531 2143
531 1931
531 1534
532 1417
532 1189
532 1101
533 1499
533 1354
533 1244
533 1122
533 1575
533 1438
533 1742
533 1157
533 1040
534 1189
534 1759
534 1545
534 2285
535 2297
535 1825
535 1670
535 850
536 1119
536 1322
536 867
536 1680
536 1427
536 2362
536 1465
536 1817
536 2183
536 2240
537 1189
537 1417
537 1009
537 1508
537 1713
537 2134
537 847
537 1653
537 964
537 966
537 1394
537 2164
537 1866
537 946
537 1118
537 1819
537 1484
538 1909
538 1126
539 1501
540 1398
541 2297
541 2310
542 2285
543 867
544 847
545 1454
546 1417
546 1101
547 1713
547 1508
548 1134
548 2285
548 889
548 2142
548 2361
548 2346
548 1798
548 1503
549 1664
549 1855
549 2073
550 1394
550 964
551 1014
552 2170
553 1879
553 1721
554 2239
555 2255
556 1842
556 1929
557 1944
557 842
557 978
557 1014
557 1292
557 932
557 1448
558 2168
558 1517
559 1361
559 1634
560 867
560 1914
561 2240
561 2076
561 2310
561 2297
561 1386
561 1398
561 1855
561 1263
561 1599
561 1321
561 1935
561 1028
561 867
561 1119
561 1322
561 1146
561 1346
561 1458
561 1265
561 2226
561 1771
561 1478
561 1017
561 1190
561 1770
562 1797
562 1170
562 1561
562 2345
562 2132
562 1132
562 1547
562 2384
562 916
562 1613
562 1895
562 1185
562 1371
562 1887
562 1066
562 1846
562 1238
562 1330
562 1735
562 1459
562 2032
562 1395
562 1240
562 1336
562 1945
563 1771
563 1797
563 1478
563 1346
563 939
563 1830
563 2053
564 1819
564 1641
564 1790
564 1009
564 1466
564 1154
564 1545
565 1713
565 1508
566 917
567 978
567 1181
567 2167
567 1201
567 1759
567 1888
567 1791
568 2337
568 2278
569 2297
569 2310
570 1643
570 1257
570 1793
570 901
570 1370
570 2022
570 1104
570 1161
570 1616
570 1577
570 1959
570 1505
570 1348
570 1590
570 1692
570 1690
570 1879
571 1944
571 1350
571 907
571 1101
571 1776
571 1605
571 2381
572 939
572 1830
572 2053
573 867
574 1616
574 1577
575 2306
575 2288
575 2256
576 1862
577 1667
577 2182
578 2297
578 2310
579 1643
579 1554
579 1879
580 1819
580 1790
580 1759
580 1888
580 1009
580 1201
581 1090
581 1195
581 1342
582 875
582 1373
582 1723
582 1035
582 1539
582 990
582 1351
582 1226
583 1759
583 1888
583 1791
583 1223
583 1554
583 1569
583 1713
583 1201
583 1156
583 933
583 1650
583 1578
583 865
583 2018
583 1405
583 1740
583 869
583 1366
584 2310
584 2297
585 1759
585 1791
585 1888
586 847
586 2318
587 1713
587 1508
587 1485
588 1819
588 1009
588 1790
588 1466
588 2017
588 946
588 1582
588 1089
588 1016
588 1118
588 907
588 1648
588 960
588 847
588 997
588 1759
588 1888
588 1223
588 1554
588 1569
588 964
588 966
588 1394
588 2164
588 1866
588 2075
588 2345
589 946
589 1819
590 1090
591 1135
591 1670
591 1179
591 2100
591 850
592 2297
592 2310
593 1991
593 1300
593 1454
593 1281
594 1713
594 1508
594 1653
595 1902
596 2380
596 1393
596 1009
596 1118
596 2285
596 1417
596 1790
596 1819
596 964
597 2322
597 2380
598 2112
598 1478
599 1643
599 1236
599 1252
600 978
600 1427
601 1508
601 1713
601 1164
602 847
603 1357
603 1092
603 2048
603 987
603 2281
603 2102
603 911
604 847
605 1368
605 2024
606 1089
606 1582
607 1897
608 1214
608 1930
609 1252
609 1135
609 1670
609 1839
609 1605
609 1518
610 1985
610 2038
610 1354
610 1438
610 1040
610 1442
611 1352
611 1439
611 1544
611 1528
612 999
612 1054
612 2169
612 1661
613 1767
613 1167
613 1163
613 1498
613 1383
614 907
614 1939
614 999
614 946
614 1582
615 1842
616 1269
617 873
617 1658
618 1643
618 1257
618 1793
618 901
618 1161
618 1616
618 1577
618 1370
618 2022
618 1104
618 1959
618 1505
618 1348
618 1590
618 1692
618 1690
618 2064
618 1721
618 1879
619 1879
619 1721
619 1346
620 1368
621 1865
621 1953
621 1708
621 1312
621 921
622 1214
623 1760
623 1824
623 1144
623 2083
624 978
625 1819
625 2017
625 1466
625 1009
625 1088
626 855
627 2168
627 1510
627 1294
628 847
629 2112
630 978
630 1292
630 1201
631 1819
631 1790
631 1427
631 1637
631 1009
631 1118
632 2255
633 1508
633 1713
633 1164
634 936
634 1666
634 1525
634 2016
634 1125
634 1506
634 1027
634 1821
634 2055
634 1412
634 2045
634 1619
634 1408
634 1638
634 2364
635 1842
635 1855
636 1629
636 1274
636 900
636 1278
636 1113
637 1223
637 1554
637 1569
637 946
637 1582
637 1089
637 1819
637 1466
637 1009
637 1118
637 1053
637 1393
638 2091
638 866
639 964
639 966
639 1394
640 1214
640 1105
640 1102
640 2148
640 1308
641 1508
642 1771
642 1478
642 939
642 1830
642 2053
642 2166
643 867
643 1914
643 1346
643 927
643 949
643 1241
643 1756
643 2000
643 958
643 1765
644 1368
645 1508
645 1713
646 919
646 2328
646 1315
647 1790
647 1819
647 1393
647 964
647 966
648 1398
648 2310
649 1269
650 2297
650 2310
651 1478
651 1797
651 1771
651 2322
652 867
652 1914
652 1784
652 1286
653 1482
654 964
655 1495
656 1417
656 1009
656 1393
656 1118
656 1189
656 2345
657 2071
657 1368
657 1637
658 2042
658 1954
658 2161
658 1208
658 1136
658 1889
658 1017
658 1234
658 1629
658 886
659 2328
659 2300
659 2319
659 1673
660 1090
660 1482
660 1855
661 1937
661 1201
661 1703
662 979
662 891
662 1605
662 1350
662 1606
662 1264
662 2008
662 1805
662 1355
662 1610
662 2224
662 1049
662 2099
662 2094
662 1643
662 1622
662 1725
662 1879
663 999
663 1054
663 2169
663 2012
664 1842
665 978
666 873
667 1350
667 1264
667 1641
667 907
667 1416
667 1819
667 1979
668 999
668 2169
668 1054
669 1156
669 1452
669 2018
669 1520
669 933
669 1578
669 1519
669 1494
670 1819
670 1009
670 960
670 946
670 1569
670 1223
671 2071
671 867
672 1691
672 851
672 983
672 1198
672 1250
672 931
673 1850
674 1914
674 867
674 968
674 1631
675 1776
675 966
676 1300
676 1991
676 1454
677 1018
677 2128
678 1147
678 2115
678 2150
679 907
680 1643
680 2008
680 917
680 1891
680 2094
680 2099
680 2224
680 1879
681 1156
681 1452
681 2018
681 933
681 1578
681 1676
681 2160
681 2031
681 1135
681 2134
682 1643
682 917
682 2008
682 2094
682 1891
682 2099
682 2224
682 1879
683 1014
683 1346
684 1643
684 1257
684 1793
684 1601
684 901
684 1432
684 1161
684 1616
684 1577
684 1370
684 2022
684 1104
684 1959
684 1505
684 1348
684 1590
684 1692
684 1690
684 2064
684 869
685 2380
685 2322
685 1635
685 1527
685 1523
685 1970
685 1876
686 1394
686 964
686 966
686 2164
686 1866
687 1939
687 907
687 1009
687 1201
688 1643
688 869
688 1013
688 1670
688 1179
688 1879
688 1135
688 850
689 2281
690 1670
690 1179
690 1135
690 850
691 2104
692 2081
692 1343
692 1722
692 1326
693 867
693 1637
693 2071
693 1272
693 1987
693 1493
694 2019
694 851
694 2297
695 2040
696 942
697 2071
697 1368
697 2118
697 1346
698 1285
698 2319
699 999
700 1819
700 1790
700 1335
700 1466
700 2017
700 1009
700 1118
700 847
700 964
700 966
700 1394
700 2164
700 1866
700 1759
700 1888
700 1791
700 1223
700 1554
700 1569
701 1156
701 2018
701 933
701 1452
701 1588
701 1971
701 1759
701 1888
701 1791
701 964
701 966
701 1394
701 2164
701 1866
701 1427
702 978
702 2040
702 1201
703 1368
703 2071
703 2338
703 1902
704 1775
704 1350
704 1819
705 1637
706 2297
706 2310
706 1398
706 1292
706 1048
706 985
706 1123
706 2102
707 1223
707 1554
707 1569
708 999
708 1054
708 2169
708 1583
709 1830
709 2053
709 1560
709 2180
709 1919
709 1961
709 1543
709 1988
709 1758
709 1282
709 1194
709 2058
709 1267
709 2137
709 939
709 2335
709 1981
709 1534
709 1170
710 897
711 1101
711 1189
711 1417
712 999
712 2169
712 1054
712 2229
713 1860
713 1999
714 946
714 1009
714 847
714 964
714 966
714 1394
714 2164
714 1866
714 1484
714 1653
714 1189
714 1417
715 964
715 966
715 1394
715 2164
715 1866
715 2008
715 927
715 1632
716 1273
716 995
716 2230
716 952
716 1522
716 2320
716 1158
716 1739
716 1652
716 2345
716 2336
716 1037
716 1943
716 2204
716 1374
716 1809
716 1567
716 1121
716 1803
716 1080
716 1170
716 1843
716 2214
716 2282
716 1933
716 1414
716 1624
716 1074
716 863
716 1980
716 1657
716 2068
716 1011
716 905
716 2103
716 934
716 1141
716 1591
716 1628
716 948
716 1102
716 2385
717 1670
717 1135
717 1179
717 1697
717 850
718 2237
718 1251
718 1070
718 1015
718 1103
718 1057
718 1474
718 1336
718 1536
718 1055
718 1726
719 1713
719 1508
719 1164
720 1819
720 1466
720 2017
720 1790
720 1335
720 946
720 1089
720 1393
720 1009
720 1118
720 1582
720 1223
720 1554
720 1569
720 960
721 1545
721 856
721 1778
722 844
723 978
723 1201
723 1713
723 1508
724 1790
724 1335
724 1819
724 1759
724 1223
724 1009
724 847
725 1546
725 2190
725 2157
725 2207
725 2359
725 2384
725 2315
725 1711
725 1563
725 2356
725 948
725 2088
725 1295
725 1140
725 920
725 1338
725 880
725 1365
725 1261
725 860
725 1598
725 1380
725 1927
725 2037
725 977
725 1400
725 1090
725 1359
725 1892
725 1203
725 1216
725 1585
725 868
725 1924
725 958
725 1814
725 1940
725 1176
725 1957
725 1424
725 2268
725 1564
725 941
725 1003
725 2024
725 2379
725 845
725 1833
725 2046
725 2289
725 1036
725 2119
725 1870
725 2109
725 1854
725 872
725 2180
725 1901
725 1828
725 1051
725 1098
725 943
725 1743
725 1543
725 2074
725 1574
725 1737
725 1994
725 1096
725 1714
725 2079
725 1197
725 1456
725 1172
725 1542
725 849
725 2319
725 1050
725 1810
725 2007
725 2240
725 1097
725 1511
725 1816
725 2340
725 1867
725 883
725 1718
725 993
725 1948
725 1607
725 1533
725 2224
725 1555
725 2155
725 1763
725 2002
725 1834
725 1712
725 1305
725 1302
725 1329
725 1788
725 1553
725 1063
725 1082
725 1911
725 1021
725 1077
725 858
725 2063
725 1636
725 1597
725 914
725 1896
725 1184
725 1397
725 951
725 2347
725 874
725 1327
725 930
725 1815
725 1669
725 2316
725 1273
725 1521
725 1773
725 969
725 2047
725 1422
725 1245
725 996
725 1000
725 1836
725 937
725 2251
725 1289
725 1898
725 1247
725 2329
725 959
725 2242
725 2220
726 1623
727 1890
728 2242
729 2297
729 1318
729 2310
730 978
730 927
730 1632
730 1346
731 999
731 1054
731 2169
732 992
732 1022
733 1478
733 2297
733 2310
733 1398
734 2087
735 2310
735 2297
735 2102
735 1768
735 1478
735 1121
735 1383
735 1771
735 2268
736 1225
736 1306
737 1417
737 1189
737 1101
738 867
738 1914
738 1879
738 1583
738 1637
738 1924
738 2205
738 1918
738 1771
738 1088
738 1346
738 1458
738 1034
738 1193
739 1508
740 1595
740 1964
741 2286
741 2245
741 2263
742 1009
742 907
742 1223
742 1118
742 1054
742 847
742 1569
742 960
742 1653
742 1819
742 1466
742 1189
742 1417
742 1101
742 1393
742 1875
742 1480
742 1759
742 1713
742 1508
743 1704
744 1417
744 1189
745 1453
745 1346
745 1471
745 2119
746 847
747 2310
747 2297
748 1759
748 1888
748 1791
748 1223
748 1554
748 1569
748 1713
748 1508
748 1164
748 1974
749 1350
749 1753
749 1819
749 2169
749 1189
749 1054
749 999
749 1761
749 1679
749 2156
750 1637
751 999
751 1189
751 1054
751 2169
751 907
751 1417
752 1819
752 1009
752 1790
752 1759
752 964
753 2104
754 1101
754 1189
754 1417
755 1412
755 1668
755 2168
755 1392
755 2128
755 2303
756 1273
757 1417
757 1189
757 1101
757 1009
757 946
757 1759
757 1888
757 1819
757 1554
757 847
757 1118
757 907
757 1089
757 1223
757 1875
757 1437
757 1761
757 1205
758 1394
758 2164
758 964
758 966
758 1866
759 1135
759 1670
759 1179
759 2100
759 850
760 1306
760 2038
760 894
761 1145
761 1579
761 1318
762 2297
762 2310
763 855
764 902
764 1826
764 1942
765 1408
765 1392
765 1412
765 851
765 1268
765 1407
765 2301
766 1964
766 1595
767 1368
768 964
768 1350
768 966
769 1089
769 1582
769 1755
769 946
770 897
770 2179
770 2238
771 1156
771 1452
771 2018
771 933
771 1578
772 1450
772 1905
772 1963
772 1313
772 1337
773 1643
773 1879
774 1579
774 1797
774 1145
775 1139
775 1786
776 1864
776 2025
777 1819
777 1466
777 1089
777 1223
777 946
777 1569
777 1554
777 1393
777 2017
777 1009
777 1582
777 1118
777 1335
777 1790
777 1759
777 1888
777 1791
777 960
778 2190
778 2384
778 2359
778 1802
779 1019
779 1479
780 2285
780 1009
781 1978
781 847
782 2227
782 1967
783 2239
784 1345
785 2297
785 2310
785 948
785 1136
785 1797
785 1383
785 1700
786 855
786 1388
786 1072
787 2328
788 2089
788 1253
788 1649
789 2006
789 2062
790 1902
790 1637
790 2071
790 1368
790 2372
790 1062
790 2020
790 1520
790 1346
791 1269
791 1041
792 1667
792 1049
792 1346
792 1458
793 1732
793 1128
794 1102
794 877
794 851
794 1407
794 1362
795 1819
795 1466
795 1670
795 850
796 978
797 1776
797 966
797 1394
798 1650
798 1578
798 933
798 1156
799 1009
800 2104
801 990
802 1067
802 1732
802 1128
802 1883
803 1736
804 1736
804 1271
804 1346
804 955
804 968
804 1904
805 1991
805 1300
805 1454
805 1201
805 1224
805 1744
805 1698
805 2039
805 1576
805 1684
805 1475
806 1332
806 1839
806 1135
806 1670
806 1179
807 1643
807 1257
807 1793
807 901
807 1370
807 2022
807 1104
807 1161
807 1616
807 1577
807 1959
807 1505
807 1348
807 1590
807 1692
807 1690
808 999
808 1350
808 1237
808 2169
808 907
808 910
808 1448
809 1736
810 1840
810 846
810 2272
810 1143
810 2305
810 2239
810 1566
810 2065
811 950
811 1559
812 2133
812 864
813 1643
813 1257
813 1793
813 1601
813 901
813 1432
813 927
813 1503
813 1447
813 1946
813 1583
814 1790
814 1335
814 1819
814 1466
814 2017
815 1777
815 923
815 1304
815 1976
816 1466
816 2017
816 1819
816 1569
816 1554
816 1118
816 1335
816 946
816 1009
816 1393
816 1223
816 1790
816 1089
816 1582
816 2075
817 927
817 1503
817 1632
817 1776
817 1532
817 1899
817 1500
817 2125
817 1237
817 1941
817 2043
817 2337
817 2199
818 1156
818 1452
818 2018
818 933
818 1578
818 1427
818 1891
818 1494
818 1346
819 1434
819 1049
820 1819
820 1393
820 1466
820 1009
820 1554
820 1089
820 2017
820 1223
820 946
820 1569
820 1335
820 1790
820 1582
820 1118
820 960
820 1759
820 1888
820 1791
820 1713
820 1508
820 1875
821 990
822 1322
822 1119
823 976
823 1421
824 1429
824 1629
825 2071
825 867
825 1902
825 2242
825 1054
825 1346
825 932
825 1368
825 1637
825 2020
826 946
827 1713
827 1508
827 1164
827 1889
827 1068
827 1106
827 970
827 1956
827 2279
828 885
829 999
829 1189
829 1417
829 1118
829 1054
829 2169
829 1350
829 1416
829 1394
830 2328
831 1101
831 1189
831 1417
831 978
831 1133
831 1944
831 964
831 966
831 1088
831 2229
832 1819
832 1009
832 1790
832 1335
832 1466
832 2017
832 946
832 1582
832 1089
832 1016
832 1118
832 907
832 1648
832 960
832 847
832 1759
832 1888
832 1223
832 1554
832 1569
832 964
832 966
832 1394
832 2164
832 1866
833 2285
833 2361
833 1304
834 1298
834 1951
834 1863
835 869
835 942
835 1153
835 1292
835 978
835 842
835 1133
835 1426
835 1391
835 973
835 1460
835 1623
835 1494
835 1162
835 1135
835 1670
835 850
835 1179
835 1697
835 961
835 1045
835 2100
835 998
835 1155
835 892
835 1906
835 1032
835 922
835 1813
835 2322
835 2380
836 1009
836 1819
836 1466
836 2017
836 1759
836 1888
836 1089
836 847
836 1223
836 1554
836 1569
836 1118
836 946
836 1790
836 960
837 2322
837 1736
838 1478
839 1842
839 1904
840 1164
841 196
842 557
842 18
842 66
842 835
843 373
844 722
844 410
845 43
845 725
846 810
847 604
847 399
847 92
847 284
847 383
847 386
847 254
847 7
847 181
847 286
847 361
847 167
847 188
847 252
847 114
847 517
847 156
847 588
847 586
847 398
847 537
847 496
847 544
847 190
847 714
847 261
847 452
847 327
847 99
847 445
847 141
847 183
847 602
847 482
847 176
847 52
847 300
847 273
847 263
847 746
847 342
847 700
847 493
847 742
847 212
847 301
847 379
847 495
847 161
847 372
847 520
847 137
847 836
847 781
847 133
847 757
847 466
847 628
847 832
847 724
848 45
849 485
849 725
850 31
850 717
850 535
850 759
850 690
850 591
850 795
850 688
850 835
851 765
851 312
851 348
851 60
851 794
851 694
851 672
851 316
851 306
852 45
853 45
854 241
855 763
855 260
855 786
855 626
856 270
856 488
856 721
857 446
858 86
858 725
859 196
860 725
861 287
862 294
863 716
864 38
864 148
864 812
865 583
865 103
865 268
865 390
866 638
867 509
867 293
867 693
867 503
867 65
867 643
867 674
867 525
867 560
867 424
867 463
867 247
867 8
867 671
867 536
867 543
867 227
867 353
867 25
867 48
867 573
867 474
867 738
867 825
867 652
867 561
867 413
867 192
867 421
868 45
868 74
868 725
869 583
869 684
869 474
869 35
869 688
869 835
870 485
871 485
872 725
873 258
873 45
873 389
873 305
873 617
873 666
874 725
875 582
876 485
877 432
877 794
878 236
879 319
880 725
881 31
882 446
883 725
884 45
885 828
886 658
887 175
887 513
887 94
888 191
888 308
888 34
889 548
890 191
890 308
890 34
891 662
892 835
893 45
894 760
894 478
894 513
894 94
894 259
895 61
897 710
897 770
897 217
898 196
899 45
900 636
901 807
901 81
901 39
901 377
901 618
901 330
901 232
901 103
901 187
901 255
901 228
901 169
901 186
901 14
901 684
901 521
901 289
901 570
901 394
901 367
901 813
901 219
901 425
901 504
901 323
902 764
903 118
903 10
904 241
905 716
906 469
907 447
907 92
907 284
907 185
907 687
907 588
907 679
907 449
907 103
907 178
907 667
907 808
907 70
907 742
907 301
907 614
907 505
907 571
907 137
907 751
907 757
907 433
907 832
908 414
909 485
910 808
910 82
911 603
912 61
914 725
915 45
916 562
917 387
917 103
917 1
917 682
917 566
917 680
919 109
919 153
919 646
919 456
920 725
921 621
922 835
923 815
924 45
925 485
926 45
927 81
927 715
927 730
927 416
927 236
927 643
927 103
927 287
927 228
927 186
927 817
927 289
927 392
927 394
927 813
927 425
928 175
929 202
930 725
931 672
932 256
932 557
932 825
933 681
933 114
933 798
933 583
933 103
933 297
933 356
933 701
933 818
933 234
933 268
933 771
933 669
933 390
934 716
935 155
936 634
937 725
938 196
939 333
939 531
939 572
939 563
939 642
939 80
939 119
939 709
940 155
941 725
942 696
942 105
942 835
943 725
945 305
946 79
946 399
946 92
946 816
946 284
946 383
946 237
946 777
946 589
946 820
946 167
946 252
946 588
946 537
946 449
946 714
946 261
946 499
946 130
946 215
946 482
946 176
946 720
946 670
946 493
946 523
946 102
946 212
946 301
946 614
946 132
946 161
946 32
946 104
946 223
946 137
946 836
946 489
946 530
946 769
946 133
946 757
946 826
946 433
946 637
946 832
946 182
947 503
948 716
948 725
948 785
949 503
949 643
950 811
950 370
951 725
952 716
953 45
954 221
955 266
955 804
956 86
957 45
958 643
958 725
959 725
960 399
960 92
960 284
960 383
960 777
960 820
960 252
960 588
960 398
960 449
960 499
960 327
960 482
960 176
960 720
960 670
960 273
960 493
960 742
960 301
960 137
960 836
960 433
960 832
961 835
962 399
962 500
962 436
962 176
963 45
964 97
964 214
964 399
964 92
964 284
964 715
964 181
964 291
964 286
964 334
964 550
964 252
964 517
964 588
964 831
964 654
964 398
964 37
964 537
964 457
964 436
964 714
964 261
964 452
964 99
964 768
964 758
964 752
964 20
964 176
964 639
964 273
964 700
964 70
964 596
964 701
964 212
964 301
964 412
964 249
964 4
964 372
964 520
964 137
964 486
964 448
964 686
964 26
964 647
964 443
964 11
964 832
965 86
965 103
966 97
966 214
966 399
966 284
966 715
966 286
966 334
966 588
966 831
966 398
966 37
966 537
966 457
966 190
966 436
966 714
966 675
966 261
966 768
966 758
966 20
966 176
966 639
966 273
966 700
966 701
966 212
966 301
966 412
966 797
966 249
966 4
966 144
966 372
966 520
966 137
966 486
966 448
966 686
966 26
966 647
966 11
966 832
968 266
968 674
968 804
969 725
970 827
971 45
972 101
973 835
975 415
975 135
975 267
976 823
977 725
978 250
978 600
978 730
978 418
978 831
978 436
978 796
978 484
978 630
978 624
978 557
978 238
978 665
978 35
978 702
978 723
978 567
978 18
978 352
978 126
978 390
978 519
978 835
979 662
980 45
981 485
983 672
984 468
985 399
985 706
985 251
986 344
987 61
987 3
987 603
988 287
989 155
990 294
990 582
990 295
990 821
990 801
991 45
992 303
992 732
993 45
993 485
993 725
994 45
995 45
995 716
996 725
997 399
997 92
997 252
997 588
997 261
997 183
997 493
997 301
998 835
999 699
999 399
999 269
999 731
999 236
999 712
999 382
999 491
999 136
999 213
999 749
999 708
999 341
999 101
999 808
999 230
999 82
999 668
999 231
999 25
999 612
999 614
999 663
999 320
999 338
999 50
999 218
999 751
999 829
1000 725
1002 17
1003 432
1003 725
1003 253
1004 485
1005 299
1006 450
1007 385
1008 45
1009 399
1009 92
1009 816
1009 284
1009 383
1009 237
1009 777
1009 820
1009 167
1009 252
1009 687
1009 656
1009 588
1009 799
1009 398
1009 537
1009 780
1009 714
1009 261
1009 327
1009 130
1009 215
1009 752
1009 631
1009 564
1009 482
1009 176
1009 720
1009 670
1009 273
1009 206
1009 700
1009 493
1009 596
1009 742
1009 102
1009 212
1009 301
1009 249
1009 132
1009 161
1009 104
1009 372
1009 520
1009 137
1009 625
1009 836
1009 489
1009 302
1009 580
1009 96
1009 133
1009 757
1009 637
1009 832
1009 724
1011 716
1012 332
1013 688
1014 129
1014 683
1014 404
1014 526
1014 164
1014 557
1014 154
1014 551
1014 259
1015 718
1015 450
1016 284
1016 588
1016 499
1016 301
1016 137
1016 832
1017 658
1017 561
1018 45
1018 677
1019 779
1020 155
1021 725
1022 732
1023 124
1024 54
1025 86
1026 45
1027 634
1028 45
1028 561
1032 31
1032 835
1033 45
1034 738
1035 363
1035 582
1036 43
1036 725
1037 716
1039 0
1040 196
1040 533
1040 610
1040 193
1040 513
1040 94
1040 462
1041 791
1044 485
1045 835
1046 468
1047 399
1047 383
1047 427
1047 261
1047 327
1047 395
1047 183
1047 90
1047 301
1047 520
1047 498
1048 189
1048 706
1049 792
1049 387
1049 662
1049 308
1049 819
1050 725
1050 373
1051 725
1051 124
1052 119
1053 637
1054 399
1054 269
1054 731
1054 236
1054 712
1054 491
1054 213
1054 749
1054 708
1054 101
1054 230
1054 493
1054 742
1054 82
1054 668
1054 25
1054 612
1054 663
1054 338
1054 825
1054 50
1054 218
1054 751
1054 829
1055 718
1057 718
1058 287
1060 45
1061 45
1062 790
1063 725
1064 45
1065 41
1065 155
1066 562
1067 802
1068 827
1069 155
1070 718
1071 45
1072 786
1074 716
1075 485
1076 308
1077 725
1079 432
1080 716
1081 426
1081 155
1082 725
1084 485
1085 216
1085 373
1086 461
1087 483
1088 399
1088 831
1088 236
1088 738
1088 625
1089 606
1089 399
1089 816
1089 284
1089 777
1089 820
1089 588
1089 131
1089 499
1089 130
1089 277
1089 720
1089 523
1089 301
1089 132
1089 137
1089 836
1089 368
1089 489
1089 769
1089 757
1089 637
1089 832
1089 182
1090 660
1090 590
1090 337
1090 725
1090 407
1090 492
1090 9
1090 581
1091 308
1092 244
1092 603
1093 485
1094 69
1095 363
1096 155
1096 725
1097 725
1098 725
1099 124
1100 354
1100 528
1101 92
1101 378
1101 257
1101 507
1101 181
1101 274
1101 477
1101 185
1101 188
1101 831
1101 711
1101 19
1101 449
1101 262
1101 99
1101 176
1101 270
1101 754
1101 493
1101 742
1101 502
1101 102
1101 338
1101 242
1101 571
1101 316
1101 546
1101 532
1101 757
1101 737
1102 640
1102 794
1102 716
1103 718
1104 807
1104 39
1104 377
1104 618
1104 330
1104 103
1104 255
1104 14
1104 684
1104 521
1104 570
1104 367
1104 219
1104 504
1105 640
1106 827
1107 251
1110 45
1113 636
1113 461
1114 513
1115 149
1115 359
1115 193
1115 513
1115 94
1115 462
1116 108
1117 45
1118 514
1118 399
1118 92
1118 816
1118 284
1118 383
1118 777
1118 820
1118 252
1118 517
1118 656
1118 588
1118 398
1118 537
1118 95
1118 261
1118 130
1118 497
1118 631
1118 176
1118 720
1118 27
1118 273
1118 700
1118 493
1118 596
1118 742
1118 102
1118 212
1118 301
1118 132
1118 372
1118 137
1118 836
1118 489
1118 302
1118 829
1118 133
1118 757
1118 637
1118 832
1119 514
1119 536
1119 822
1119 561
1120 500
1121 716
1121 735
1122 399
1122 533
1122 513
1123 399
1123 706
1123 251
1124 303
1124 297
1124 226
1125 634
1126 142
1126 538
1127 506
1128 802
1128 793
1129 485
1130 45
1131 485
1132 562
1133 831
1133 835
1134 548
1135 31
1135 681
1135 55
1135 717
1135 609
1135 759
1135 690
1135 591
1135 688
1135 806
1135 835
1136 658
1136 785
1137 308
1139 775
1139 71
1140 45
1140 725
1140 244
1140 210
1141 716
1142 109
1143 810
1144 189
1144 623
1145 355
1145 761
1145 177
1145 125
1145 420
1145 774
1146 561
1147 678
1148 45
1149 485
1150 402
1151 194
1151 451
1153 35
1153 835
1154 564
1155 835
1156 681
1156 114
1156 798
1156 583
1156 103
1156 297
1156 356
1156 701
1156 818
1156 234
1156 268
1156 771
1156 669
1156 390
1157 241
1157 129
1157 196
1157 533
1157 127
1157 478
1157 513
1158 716
1159 344
1159 476
1160 340
1161 807
1161 39
1161 377
1161 618
1161 330
1161 103
1161 255
1161 376
1161 14
1161 684
1161 521
1161 570
1161 367
1161 219
1161 504
1162 114
1162 141
1162 515
1162 390
1162 835
1163 613
1164 79
1164 348
1164 748
1164 60
1164 633
1164 827
1164 840
1164 488
1164 719
1164 32
1164 223
1164 601
1164 494
1164 13
1165 40
1165 481
1166 45
1167 121
1167 613
1168 500
1169 485
1170 716
1170 562
1170 709
1170 124
1172 725
1173 465
1174 451
1175 196
1175 513
1176 725
1178 347
1179 31
1179 55
1179 717
1179 759
1179 690
1179 591
1179 688
1179 806
1179 835
1180 450
1181 567
1182 103
1183 485
1184 725
1185 562
1186 413
1187 468
1188 308
1189 399
1189 92
1189 378
1189 507
1189 477
1189 188
1189 656
1189 831
1189 537
1189 744
1189 711
1189 19
1189 236
1189 449
1189 714
1189 261
1189 262
1189 534
1189 130
1189 99
1189 176
1189 749
1189 21
1189 273
1189 270
1189 754
1189 493
1189 742
1189 102
1189 212
1189 495
1189 249
1189 338
1189 242
1189 171
1189 316
1189 532
1189 751
1189 829
1189 757
1189 737
1190 561
1191 292
1192 16
1193 485
1193 738
1194 709
1195 581
1196 472
1197 725
1198 672
1199 45
1200 485
1201 5
1201 38
1201 256
1201 386
1201 303
1201 86
1201 252
1201 805
1201 687
1201 354
1201 436
1201 453
1201 191
1201 261
1201 583
1201 661
1201 630
1201 497
1201 419
1201 176
1201 200
1201 300
1201 308
1201 102
1201 403
1201 409
1201 34
1201 702
1201 723
1201 567
1201 302
1201 413
1201 580
1201 390
1201 519
1203 725
1204 45
1205 212
1205 757
1206 124
1207 76
1208 658
1209 71
1210 149
1210 359
1210 193
1210 513
1210 94
1210 462
1211 66
1212 500
1213 103
1214 304
1214 640
1214 364
1214 608
1214 51
1214 622
1215 196
1216 74
1216 725
1217 45
1218 45
1219 308
1220 450
1221 42
1222 455
1222 202
1223 399
1223 92
1223 816
1223 284
1223 383
1223 274
1223 707
1223 777
1223 820
1223 86
1223 63
1223 588
1223 278
1223 131
1223 261
1223 583
1223 748
1223 327
1223 60
1223 130
1223 343
1223 501
1223 720
1223 670
1223 270
1223 700
1223 459
1223 493
1223 742
1223 102
1223 488
1223 301
1223 132
1223 349
1223 34
1223 316
1223 137
1223 836
1223 489
1223 347
1223 133
1223 757
1223 637
1223 832
1223 724
1224 805
1225 129
1225 220
1225 736
1226 582
1226 403
1228 189
1229 430
1230 44
1231 450
1232 45
1233 45
1234 658
1235 139
1236 58
1236 599
1237 185
1237 103
1237 287
1237 808
1237 817
1237 448
1237 454
1238 562
1239 373
1240 562
1241 643
1242 485
1243 155
1244 533
1245 725
1247 725
1248 485
1249 485
1250 672
1250 306
1251 718
1252 609
1252 311
1252 599
1252 390
1253 788
1253 295
1254 45
1256 485
1257 807
1257 81
1257 39
1257 377
1257 618
1257 330
1257 232
1257 103
1257 358
1257 187
1257 255
1257 228
1257 169
1257 186
1257 14
1257 684
1257 521
1257 289
1257 570
1257 394
1257 367
1257 813
1257 219
1257 425
1257 504
1257 235
1257 323
1258 45
1259 74
1260 103
1261 725
1261 210
1262 305
1263 561
1264 365
1264 662
1264 667
1264 338
1265 561
1266 143
1267 709
1268 765
1268 316
1269 616
1269 172
1269 163
1269 116
1269 791
1269 151
1269 649
1271 326
1271 258
1271 266
1271 804
1271 64
1272 693
1273 756
1273 45
1273 485
1273 716
1273 725
1274 107
1274 337
1274 85
1274 636
1274 202
1274 373
1275 485
1277 485
1278 636
1280 12
1280 43
1281 593
1282 333
1282 531
1282 310
1282 709
1283 196
1284 458
1285 698
1285 332
1286 652
1287 40
1287 481
1288 69
1289 725
1290 500
1291 93
1292 706
1292 630
1292 557
1292 105
1292 835
1293 265
1294 113
1294 627
1295 725
1296 45
1297 45
1298 834
1299 193
1300 805
1300 429
1300 676
1300 165
1300 30
1300 248
1300 593
1301 89
1301 275
1301 400
1302 725
1303 461
1304 815
1304 45
1304 833
1304 74
1305 725
1306 129
1306 760
1306 736
1307 45
1308 640
1308 51
1309 288
1310 202
1311 292
1312 621
1313 45
1313 772
1314 432
1315 646
1316 145
1317 500
1318 761
1318 729
1319 45
1320 465
1321 561
1322 514
1322 536
1322 822
1322 561
1324 485
1325 241
1325 196
1325 478
1326 692
1327 725
1328 500
1329 725
1330 562
1331 399
1331 500
1331 436
1331 176
1331 519
1332 294
1332 229
1332 470
1332 806
1333 485
1334 98
1335 816
1335 284
1335 777
1335 820
1335 252
1335 449
1335 814
1335 720
1335 700
1335 301
1335 132
1335 137
1335 489
1335 530
1335 832
1335 724
1336 718
1336 562
1337 45
1337 772
1338 725
1340 202
1341 455
1341 107
1342 317
1342 337
1342 581
1343 692
1344 442
1345 784
1346 563
1346 730
1346 745
1346 619
1346 792
1346 12
1346 503
1346 266
1346 683
1346 643
1346 424
1346 484
1346 508
1346 422
1346 200
1346 186
1346 308
1346 697
1346 818
1346 804
1346 289
1346 474
1346 392
1346 35
1346 738
1346 825
1346 561
1346 145
1346 790
1346 461
1346 413
1346 54
1346 225
1348 807
1348 39
1348 377
1348 618
1348 330
1348 103
1348 255
1348 14
1348 684
1348 521
1348 570
1348 367
1348 219
1348 504
1349 124
1350 704
1350 185
1350 236
1350 103
1350 768
1350 365
1350 662
1350 749
1350 667
1350 808
1350 495
1350 571
1350 829
1351 582
1352 290
1352 611
1353 446
1354 196
1354 533
1354 359
1354 610
1354 127
1354 193
1354 478
1354 513
1354 94
1354 462
1355 103
1355 662
1356 135
1357 603
1358 485
1359 725
1360 500
1361 559
1361 265
1362 794
1363 69
1365 725
1366 453
1366 583
1367 45
1368 23
1368 204
1368 91
1368 406
1368 123
1368 329
1368 767
1368 12
1368 480
1368 644
1368 360
1368 336
1368 703
1368 59
1368 43
1368 396
1368 697
1368 173
1368 620
1368 128
1368 605
1368 825
1368 790
1368 437
1368 657
1369 45
1370 807
1370 39
1370 377
1370 618
1370 330
1370 103
1370 255
1370 376
1370 14
1370 684
1370 521
1370 570
1370 367
1370 219
1370 504
1371 562
1372 86
1373 103
1373 582
1374 716
1376 74
1377 378
1378 269
1379 203
1380 725
1381 244
1382 62
1383 613
1383 735
1383 785
1384 476
1385 155
1386 561
1387 500
1388 260
1388 786
1389 54
1390 45
1391 835
1392 765
1392 36
1392 85
1392 755
1392 202
1392 292
1393 92
1393 816
1393 383
1393 777
1393 820
1393 167
1393 656
1393 131
1393 261
1393 499
1393 130
1393 720
1393 282
1393 493
1393 596
1393 742
1393 301
1393 132
1393 489
1393 647
1393 637
1394 97
1394 214
1394 399
1394 284
1394 715
1394 286
1394 334
1394 550
1394 252
1394 588
1394 398
1394 37
1394 537
1394 436
1394 714
1394 261
1394 758
1394 20
1394 176
1394 639
1394 273
1394 700
1394 701
1394 212
1394 301
1394 412
1394 797
1394 249
1394 4
1394 144
1394 372
1394 520
1394 137
1394 486
1394 448
1394 425
1394 686
1394 26
1394 829
1394 11
1394 832
1395 562
1396 45
1397 725
1398 195
1398 733
1398 706
1398 648
1398 318
1398 281
1398 561
1398 199
1398 54
1398 540
1399 45
1400 725
1402 45
1403 86
1404 319
1404 468
1405 583
1405 268
1405 390
1406 485
1407 765
1407 794
1408 634
1408 765
1408 36
1409 87
1410 45
1410 41
1410 155
1411 106
1412 634
1412 765
1412 61
1412 36
1412 755
1412 440
1412 202
1413 45
1414 716
1415 45
1416 667
1416 448
1416 829
1417 399
1417 92
1417 378
1417 507
1417 188
1417 517
1417 656
1417 831
1417 537
1417 744
1417 95
1417 711
1417 236
1417 449
1417 714
1417 261
1417 262
1417 99
1417 497
1417 419
1417 176
1417 21
1417 270
1417 754
1417 493
1417 596
1417 742
1417 102
1417 212
1417 249
1417 338
1417 242
1417 171
1417 316
1417 546
1417 532
1417 751
1417 829
1417 133
1417 757
1417 737
1417 390
1417 433
1418 500
1419 103
1421 823
1422 725
1423 45
1424 184
1424 314
1424 725
1424 71
1425 129
1425 164
1426 35
1426 835
1427 600
1427 303
1427 252
1427 418
1427 297
1427 141
1427 631
1427 1
1427 101
1427 536
1427 701
1427 818
1427 222
1427 349
1427 409
1427 520
1427 226
1429 824
1430 432
1432 81
1432 39
1432 103
1432 187
1432 255
1432 228
1432 169
1432 186
1432 14
1432 684
1432 521
1432 289
1432 394
1432 813
1432 219
1432 425
1432 504
1433 45
1434 819
1435 469
1436 240
1437 399
1437 378
1437 212
1437 301
1437 757
1438 533
1438 610
1438 193
1438 478
1438 513
1438 462
1439 290
1439 611
1440 78
1441 468
1442 129
1442 610
1442 478
1442 94
1442 462
1443 410
1445 485
1447 81
1447 103
1447 228
1447 186
1447 289
1447 392
1447 394
1447 813
1447 425
1448 436
1448 176
1448 557
1448 808
1450 772
1451 140
1452 681
1452 297
1452 506
1452 356
1452 701
1452 818
1452 234
1452 771
1452 669
1453 745
1453 512
1453 467
1454 256
1454 805
1454 233
1454 296
1454 429
1454 299
1454 245
1454 545
1454 676
1454 165
1454 366
1454 30
1454 248
1454 593
1454 389
1454 207
1455 508
1456 725
1458 792
1458 452
1458 200
1458 101
1458 263
1458 738
1458 561
1459 562
1460 835
1461 109
1462 379
1463 485
1464 379
1465 536
1466 92
1466 816
1466 284
1466 383
1466 777
1466 820
1466 167
1466 252
1466 588
1466 434
1466 449
1466 564
1466 482
1466 814
1466 720
1466 700
1466 493
1466 742
1466 301
1466 132
1466 409
1466 137
1466 625
1466 836
1466 489
1466 530
1466 795
1466 637
1466 832
1467 485
1468 109
1470 155
1471 745
1472 476
1473 294
1474 718
1475 805
1476 155
1477 45
1478 38
1478 733
1478 563
1478 642
1478 508
1478 598
1478 295
1478 735
1478 838
1478 391
1478 411
1478 651
1478 174
1478 561
1478 119
1478 199
1478 151
1478 373
1479 779
1480 183
1480 742
1481 45
1482 444
1482 660
1482 479
1482 120
1482 653
1483 344
1484 92
1484 252
1484 537
1484 65
1484 714
1484 273
1484 212
1484 423
1485 587
1486 45
1488 62
1489 485
1490 142
1492 170
1493 693
1494 38
1494 303
1494 114
1494 297
1494 141
1494 356
1494 818
1494 669
1494 835
1495 655
1496 86
1496 309
1497 45
1498 613
1499 533
1500 103
1500 287
1500 817
1501 107
1501 335
1501 539
1501 85
1501 202
1501 292
1502 196
1503 97
1503 81
1503 548
1503 236
1503 103
1503 287
1503 228
1503 186
1503 817
1503 289
1503 392
1503 394
1503 813
1503 425
1504 45
1504 196
1505 807
1505 39
1505 377
1505 618
1505 330
1505 103
1505 255
1505 376
1505 14
1505 684
1505 521
1505 570
1505 367
1505 219
1505 504
1506 634
1507 129
1508 547
1508 79
1508 641
1508 383
1508 490
1508 88
1508 239
1508 820
1508 645
1508 86
1508 264
1508 348
1508 537
1508 65
1508 748
1508 60
1508 633
1508 33
1508 827
1508 594
1508 739
1508 75
1508 742
1508 565
1508 488
1508 180
1508 719
1508 349
1508 423
1508 32
1508 723
1508 223
1508 316
1508 331
1508 601
1508 494
1508 410
1508 13
1508 587
1508 397
1510 113
1510 627
1511 725
1512 45
1513 244
1513 298
1513 118
1513 10
1513 202
1514 45
1515 387
1516 333
1516 124
1517 558
1518 55
1518 609
1519 38
1519 303
1519 297
1519 506
1519 356
1519 669
1520 243
1520 103
1520 471
1520 669
1520 790
1521 725
1522 716
1523 685
1524 143
1525 634
1526 76
1527 685
1527 373
1528 611
1529 175
1530 485
1532 477
1532 236
1532 103
1532 287
1532 341
1532 817
1533 725
1534 531
1534 709
1535 275
1536 718
1537 241
1538 45
1539 582
1540 465
1541 359
1541 478
1541 513
1541 94
1542 725
1543 725
1543 709
1543 124
1544 611
1545 378
1545 274
1545 19
1545 449
1545 534
1545 564
1545 183
1545 270
1545 488
1545 721
1545 431
1546 45
1546 725
1547 562
1548 45
1549 194
1550 506
1551 45
1553 725
1554 816
1554 284
1554 383
1554 707
1554 777
1554 820
1554 86
1554 63
1554 588
1554 261
1554 583
1554 748
1554 60
1554 130
1554 579
1554 343
1554 501
1554 720
1554 270
1554 700
1554 493
1554 488
1554 301
1554 132
1554 349
1554 34
1554 137
1554 836
1554 489
1554 530
1554 347
1554 757
1554 637
1554 832
1555 725
1556 45
1557 45
1558 312
1558 510
1559 811
1559 370
1560 333
1560 531
1560 310
1560 709
1561 562
1562 296
1563 725
1564 725
1565 109
1566 810
1567 716
1569 816
1569 284
1569 383
1569 237
1569 707
1569 777
1569 820
1569 86
1569 63
1569 588
1569 261
1569 583
1569 748
1569 60
1569 482
1569 720
1569 670
1569 270
1569 700
1569 493
1569 742
1569 488
1569 301
1569 132
1569 349
1569 137
1569 836
1569 489
1569 347
1569 637
1569 832
1570 285
1571 485
1572 308
1573 45
1573 379
1574 725
1574 373
1575 533
1575 462
1576 805
1577 807
1577 39
1577 377
1577 618
1577 330
1577 103
1577 187
1577 255
1577 574
1577 285
1577 14
1577 684
1577 521
1577 73
1577 570
1577 105
1577 367
1577 219
1577 504
1577 235
1578 681
1578 114
1578 798
1578 583
1578 103
1578 297
1578 356
1578 818
1578 234
1578 268
1578 771
1578 669
1578 390
1579 761
1579 28
1579 774
1580 485
1581 155
1582 606
1582 399
1582 92
1582 816
1582 284
1582 383
1582 777
1582 820
1582 588
1582 131
1582 499
1582 130
1582 277
1582 720
1582 523
1582 301
1582 614
1582 132
1582 32
1582 223
1582 137
1582 368
1582 489
1582 769
1582 433
1582 637
1582 832
1582 182
1583 507
1583 506
1583 708
1583 289
1583 392
1583 738
1583 813
1584 485
1585 725
1586 378
1587 124
1588 303
1588 297
1588 701
1589 145
1589 340
1590 807
1590 39
1590 377
1590 618
1590 330
1590 255
1590 14
1590 684
1590 521
1590 570
1590 367
1590 219
1590 504
1591 716
1592 109
1593 485
1594 410
1595 432
1595 740
1595 766
1595 375
1595 346
1597 725
1598 725
1599 561
1600 155
1601 81
1601 39
1601 103
1601 187
1601 255
1601 228
1601 169
1601 186
1601 14
1601 684
1601 521
1601 289
1601 394
1601 813
1601 219
1601 425
1601 504
1602 241
1602 196
1602 478
1603 45
1604 193
1605 55
1605 380
1605 609
1605 662
1605 308
1605 571
1606 662
1606 495
1607 725
1608 155
1609 0
1610 103
1610 662
1613 562
1616 807
1616 39
1616 150
1616 377
1616 618
1616 330
1616 103
1616 255
1616 574
1616 14
1616 684
1616 521
1616 570
1616 105
1616 219
1616 504
1617 109
1617 469
1618 401
1619 634
1620 72
1620 295
1621 485
1622 662
1623 114
1623 428
1623 141
1623 726
1623 57
1623 390
1623 835
1624 716
1626 279
1627 83
1628 716
1629 658
1629 824
1629 636
1630 45
1631 674
1632 715
1632 730
1632 416
1632 236
1632 103
1632 287
1632 817
1634 559
1635 426
1635 685
1636 725
1637 417
1637 324
1637 693
1637 351
1637 503
1637 56
1637 325
1637 197
1637 705
1637 525
1637 631
1637 422
1637 200
1637 8
1637 227
1637 353
1637 524
1637 388
1637 750
1637 516
1637 48
1637 152
1637 309
1637 738
1637 825
1637 790
1637 413
1637 192
1637 134
1637 657
1638 634
1639 45
1640 196
1640 478
1641 365
1641 564
1641 667
1641 338
1642 370
1643 807
1643 81
1643 92
1643 39
1643 150
1643 377
1643 618
1643 330
1643 232
1643 103
1643 358
1643 579
1643 187
1643 255
1643 773
1643 662
1643 228
1643 1
1643 376
1643 169
1643 682
1643 186
1643 522
1643 14
1643 684
1643 521
1643 289
1643 392
1643 570
1643 394
1643 367
1643 813
1643 680
1643 219
1643 599
1643 425
1643 688
1643 504
1643 211
1643 235
1643 323
1644 287
1645 468
1646 497
1647 103
1648 399
1648 92
1648 284
1648 383
1648 252
1648 588
1648 261
1648 482
1648 176
1648 493
1648 212
1648 301
1648 137
1648 302
1648 832
1649 788
1650 114
1650 798
1650 583
1650 268
1650 390
1651 453
1652 716
1653 92
1653 252
1653 537
1653 714
1653 594
1653 273
1653 493
1653 742
1653 161
1654 45
1655 500
1656 196
1657 716
1658 326
1658 389
1658 617
1660 200
1661 236
1661 612
1662 45
1663 311
1663 205
1664 139
1664 549
1664 393
1665 202
1666 634
1667 283
1667 792
1667 200
1667 308
1667 577
1668 455
1668 107
1668 61
1668 506
1668 85
1668 755
1668 440
1668 202
1669 485
1669 725
1670 31
1670 55
1670 717
1670 535
1670 609
1670 759
1670 690
1670 470
1670 591
1670 795
1670 688
1670 806
1670 835
1671 485
1672 359
1672 478
1673 659
1674 45
1675 450
1676 681
1676 506
1676 390
1677 485
1678 195
1679 749
1680 536
1681 93
1682 45
1684 805
1685 54
1686 45
1687 415
1687 135
1687 267
1688 109
1689 155
1690 807
1690 39
1690 377
1690 618
1690 330
1690 255
1690 14
1690 684
1690 521
1690 570
1690 367
1690 219
1690 504
1691 281
1691 672
1691 6
1692 807
1692 39
1692 377
1692 618
1692 330
1692 255
1692 14
1692 684
1692 521
1692 570
1692 367
1692 219
1692 504
1693 45
1694 485
1695 45
1696 378
1697 717
1697 835
1698 805
1699 485
1700 785
1703 256
1703 661
1703 516
1703 209
1703 145
1704 743
1704 441
1704 321
1705 432
1705 45
1706 45
1707 485
1708 72
1708 621
1709 44
1710 476
1711 725
1712 725
1713 547
1713 79
1713 38
1713 383
1713 88
1713 239
1713 820
1713 645
1713 86
1713 264
1713 348
1713 537
1713 65
1713 583
1713 748
1713 60
1713 633
1713 827
1713 594
1713 75
1713 742
1713 565
1713 488
1713 719
1713 423
1713 32
1713 723
1713 223
1713 316
1713 601
1713 494
1713 410
1713 13
1713 587
1713 433
1714 155
1714 725
1715 139
1716 485
1717 179
1718 725
1720 45
1721 619
1721 553
1721 618
1721 232
1721 187
1721 376
1721 53
1721 219
1721 504
1721 211
1721 323
1722 692
1723 582
1724 483
1725 662
1726 718
1727 287
1728 71
1729 449
1729 103
1730 189
1732 802
1732 793
1732 305
1735 562
1736 266
1736 803
1736 295
1736 804
1736 837
1736 809
1737 725
1738 45
1739 716
1740 583
1740 268
1740 390
1741 45
1742 533
1743 45
1743 725
1744 805
1745 251
1746 259
1747 103
1748 485
1749 155
1751 0
1753 138
1753 749
1753 362
1754 45
1755 499
1755 130
1755 493
1755 523
1755 368
1755 769
1755 182
1756 643
1758 333
1758 531
1758 310
1758 709
1759 5
1759 399
1759 92
1759 284
1759 383
1759 274
1759 777
1759 820
1759 86
1759 252
1759 517
1759 63
1759 588
1759 19
1759 191
1759 261
1759 583
1759 748
1759 534
1759 327
1759 60
1759 369
1759 130
1759 99
1759 752
1759 482
1759 176
1759 700
1759 315
1759 742
1759 102
1759 701
1759 15
1759 488
1759 212
1759 301
1759 132
1759 349
1759 159
1759 34
1759 372
1759 520
1759 316
1759 137
1759 567
1759 836
1759 302
1759 168
1759 585
1759 580
1759 133
1759 226
1759 757
1759 390
1759 832
1759 724
1760 189
1760 623
1761 92
1761 114
1761 749
1761 338
1761 757
1762 344
1762 476
1763 485
1763 725
1764 45
1765 503
1765 643
1765 413
1766 45
1767 613
1768 735
1770 561
1771 563
1771 122
1771 642
1771 508
1771 110
1771 295
1771 735
1771 651
1771 738
1771 561
1771 119
1771 373
1772 348
1773 725
1774 45
1775 704
1776 291
1776 334
1776 416
1776 236
1776 675
1776 103
1776 287
1776 817
1776 797
1776 144
1776 571
1777 815
1778 721
1779 45
1780 252
1781 478
1781 513
1781 259
1782 72
1783 233
1783 245
1784 652
1785 45
1786 775
1787 189
1788 725
1789 45
1790 92
1790 816
1790 284
1790 383
1790 777
1790 820
1790 252
1790 588
1790 449
1790 752
1790 631
1790 564
1790 482
1790 814
1790 720
1790 700
1790 282
1790 596
1790 301
1790 132
1790 222
1790 423
1790 104
1790 372
1790 137
1790 836
1790 489
1790 530
1790 580
1790 96
1790 647
1790 832
1790 724
1791 5
1791 399
1791 777
1791 820
1791 86
1791 63
1791 191
1791 261
1791 583
1791 748
1791 60
1791 130
1791 176
1791 700
1791 315
1791 701
1791 488
1791 212
1791 132
1791 349
1791 159
1791 34
1791 372
1791 137
1791 567
1791 302
1791 168
1791 585
1791 390
1792 87
1792 42
1793 807
1793 81
1793 39
1793 377
1793 618
1793 330
1793 232
1793 103
1793 358
1793 187
1793 255
1793 228
1793 169
1793 186
1793 14
1793 684
1793 521
1793 289
1793 570
1793 394
1793 367
1793 813
1793 219
1793 425
1793 504
1793 235
1793 323
1794 485
1795 485
1796 485
1797 563
1797 508
1797 562
1797 651
1797 119
1797 785
1797 774
1797 373
1798 548
1800 485
1802 778
1803 716
1804 378
1804 19
1804 270
1805 662
1806 45
1807 69
1808 54
1809 716
1810 725
1811 305
1812 208
1813 31
1813 835
1814 725
1814 124
1815 725
1816 725
1817 45
1817 536
1818 45
1819 704
1819 92
1819 378
1819 816
1819 284
1819 383
1819 237
1819 777
1819 589
1819 820
1819 167
1819 252
1819 114
1819 588
1819 537
1819 434
1819 449
1819 261
1819 130
1819 752
1819 631
1819 564
1819 482
1819 176
1819 749
1819 814
1819 720
1819 670
1819 273
1819 667
1819 206
1819 700
1819 70
1819 493
1819 596
1819 742
1819 212
1819 301
1819 132
1819 161
1819 222
1819 409
1819 104
1819 460
1819 372
1819 520
1819 137
1819 625
1819 836
1819 489
1819 530
1819 302
1819 795
1819 431
1819 580
1819 96
1819 226
1819 647
1819 757
1819 637
1819 832
1819 724
1820 69
1821 634
1821 25
1822 45
1822 319
1823 142
1824 189
1824 623
1825 535
1826 764
1827 45
1828 725
1829 106
1830 333
1830 531
1830 572
1830 563
1830 642
1830 119
1830 310
1830 709
1831 36
1832 414
1833 184
1833 314
1833 725
1833 71
1834 725
1835 155
1836 725
1838 298
1838 118
1838 10
1839 303
1839 609
1839 339
1839 24
1839 229
1839 76
1839 806
1840 810
1841 303
1841 101
1841 390
1842 556
1842 271
1842 839
1842 635
1842 615
1842 664
1843 716
1844 124
1845 485
1846 562
1847 45
1848 71
1849 124
1850 673
1850 100
1850 166
1850 473
1852 344
1854 725
1855 660
1855 422
1855 549
1855 238
1855 268
1855 635
1855 561
1856 485
1857 45
1859 175
1860 713
1860 69
1861 84
1861 77
1861 69
1861 371
1861 225
1862 109
1862 153
1862 576
1863 834
1864 61
1864 776
1865 72
1865 621
1866 214
1866 399
1866 284
1866 715
1866 286
1866 588
1866 37
1866 537
1866 714
1866 261
1866 758
1866 176
1866 273
1866 700
1866 701
1866 212
1866 301
1866 249
1866 372
1866 520
1866 137
1866 486
1866 686
1866 26
1866 11
1866 832
1867 725
1868 485
1869 124
1870 725
1871 45
1872 45
1873 86
1873 475
1873 259
1874 297
1875 820
1875 252
1875 114
1875 449
1875 130
1875 176
1875 493
1875 742
1875 301
1875 757
1876 685
1877 45
1878 155
1879 92
1879 619
1879 553
1879 618
1879 387
1879 330
1879 232
1879 579
1879 773
1879 662
1879 1
1879 53
1879 169
1879 682
1879 522
1879 301
1879 521
1879 289
1879 738
1879 570
1879 394
1879 105
1879 367
1879 680
1879 210
1879 219
1879 688
1879 504
1881 69
1882 485
1883 802
1883 485
1884 241
1884 147
1885 370
1886 45
1887 562
1888 5
1888 399
1888 284
1888 237
1888 777
1888 820
1888 86
1888 252
1888 63
1888 588
1888 19
1888 191
1888 261
1888 583
1888 748
1888 60
1888 130
1888 176
1888 700
1888 315
1888 502
1888 102
1888 701
1888 488
1888 212
1888 301
1888 132
1888 349
1888 159
1888 34
1888 372
1888 137
1888 567
1888 836
1888 302
1888 168
1888 585
1888 580
1888 757
1888 390
1888 832
1889 658
1889 827
1890 451
1890 727
1891 399
1891 500
1891 387
1891 1
1891 682
1891 818
1891 680
1892 725
1893 61
1894 435
1895 562
1896 725
1897 518
1897 607
1897 69
1897 408
1898 725
1899 103
1899 287
1899 817
1901 725
1902 56
1902 595
1902 297
1902 703
1902 268
1902 825
1902 790
1902 192
1904 386
1904 266
1904 839
1904 804
1905 772
1905 145
1906 835
1907 45
1908 495
1908 338
1909 538
1910 353
1911 725
1912 386
1912 176
1913 316
1914 503
1914 643
1914 674
1914 525
1914 560
1914 738
1914 652
1914 413
1916 503
1917 295
1918 738
1919 709
1920 295
1921 241
1922 485
1923 485
1924 725
1924 738
1925 71
1926 352
1926 199
1927 725
1928 196
1929 556
1930 608
1931 531
1932 442
1933 716
1934 45
1934 226
1935 45
1935 240
1935 246
1935 561
1936 124
1937 661
1938 45
1939 687
1939 70
1939 614
1940 725
1941 103
1941 287
1941 817
1942 764
1943 716
1944 121
1944 185
1944 418
1944 831
1944 557
1944 495
1944 571
1945 562
1946 81
1946 228
1946 186
1946 289
1946 392
1946 394
1946 813
1946 425
1947 229
1948 725
1949 45
1950 354
1950 145
1951 450
1951 834
1952 45
1953 72
1953 621
1954 658
1954 485
1955 45
1956 827
1957 725
1958 54
1959 807
1959 39
1959 377
1959 618
1959 330
1959 103
1959 255
1959 376
1959 14
1959 684
1959 521
1959 570
1959 367
1959 219
1959 504
1960 359
1960 193
1960 478
1961 12
1961 709
1962 212
1963 772
1963 145
1964 740
1964 766
1964 375
1964 346
1965 216
1966 45
1967 782
1967 385
1969 308
1970 685
1971 303
1971 297
1971 701
1972 45
1973 45
1973 442
1974 748
1974 60
1974 488
1974 140
1975 45
1976 815
1977 319
1978 358
1978 781
1979 667
1979 495
1979 338
1980 716
1981 709
1982 316
1983 413
1984 45
1985 610
1985 54
1986 202
1987 693
1988 709
1989 294
1990 103
1991 805
1991 429
1991 676
1991 165
1991 30
1991 248
1991 593
1992 196
1992 201
1993 129
1994 725
1994 483
1995 45
1997 485
1998 62
1999 713
2000 643
2001 485
2002 725
2003 193
2004 45
2005 199
2006 789
2007 725
2008 715
2008 45
2008 103
2008 662
2008 1
2008 682
2008 680
2009 61
2010 500
2010 519
2011 124
2012 252
2012 663
2012 306
2014 45
2015 485
2016 432
2016 634
2016 58
2017 92
2017 816
2017 284
2017 383
2017 777
2017 820
2017 252
2017 588
2017 449
2017 215
2017 482
2017 814
2017 720
2017 700
2017 301
2017 132
2017 161
2017 372
2017 137
2017 625
2017 836
2017 489
2017 530
2017 832
2018 681
2018 583
2018 297
2018 356
2018 701
2018 818
2018 234
2018 268
2018 771
2018 669
2018 390
2019 694
2019 306
2020 293
2020 503
2020 525
2020 424
2020 451
2020 8
2020 318
2020 825
2020 790
2020 413
2020 421
2022 807
2022 39
2022 150
2022 377
2022 618
2022 330
2022 358
2022 187
2022 255
2022 14
2022 684
2022 521
2022 570
2022 367
2022 219
2022 504
2022 235
2023 196
2024 725
2024 605
2025 61
2025 776
2026 354
2026 145
2026 340
2027 103
2028 41
2029 485
2030 203
2031 681
2032 562
2033 379
2037 725
2038 149
2038 760
2038 359
2038 610
2038 193
2038 478
2038 513
2038 94
2038 462
2039 805
2040 695
2040 2
2040 702
2041 194
2042 432
2042 658
2042 199
2043 236
2043 103
2043 287
2043 341
2043 817
2044 485
2045 634
2046 725
2047 725
2048 603
2049 450
2051 410
2052 45
2053 333
2053 531
2053 572
2053 563
2053 642
2053 119
2053 709
2054 45
2055 634
2056 195
2056 199
2057 513
2058 709
2059 103
2060 485
2061 45
2062 789
2063 725
2064 39
2064 618
2064 103
2064 255
2064 14
2064 684
2064 521
2064 219
2064 504
2065 810
2066 379
2067 403
2068 716
2069 45
2069 124
2070 157
2071 509
2071 693
2071 351
2071 56
2071 463
2071 703
2071 357
2071 8
2071 671
2071 697
2071 353
2071 173
2071 516
2071 328
2071 48
2071 152
2071 825
2071 790
2071 657
2072 196
2072 513
2073 549
2074 725
2075 816
2075 588
2075 226
2076 561
2077 124
2078 41
2079 725
2080 485
2081 692
2082 485
2083 189
2083 623
2084 45
2085 199
2086 16
2087 734
2088 725
2089 788
2089 45
2090 485
2091 510
2091 638
2092 83
2093 54
2094 387
2094 662
2094 1
2094 682
2094 680
2095 485
2096 142
2097 45
2098 485
2099 387
2099 662
2099 1
2099 682
2099 680
2100 31
2100 759
2100 591
2100 835
2102 706
2102 735
2102 603
2103 716
2104 384
2104 198
2104 414
2104 464
2104 753
2104 800
2104 691
2105 196
2106 236
2107 77
2108 485
2109 725
2110 485
2111 485
2112 629
2112 475
2112 311
2112 598
2112 391
2112 411
2112 174
2112 205
2113 45
2114 199
2115 678
2116 338
2117 383
2117 301
2118 324
2118 697
2119 745
2119 725
2119 467
2120 359
2120 478
2120 513
2120 306
2121 69
2122 241
2122 196
2122 478
2123 45
2124 45
2125 103
2125 287
2125 817
2126 45
2127 103
2128 455
2128 61
2128 677
2128 85
2128 755
2128 440
2128 202
2129 45
2130 45
2131 45
2132 195
2132 562
2133 38
2133 148
2133 812
2134 681
2134 252
2134 537
2136 345
2136 162
2137 709
2138 500
2139 500
2140 312
2141 45
2142 548
2143 531
2144 45
2145 45
2146 485
2147 45
2148 640
2149 129
2150 678
2151 485
2152 468
2153 45
2154 25
2155 725
2156 749
2157 725
2159 399
2160 681
2160 234
2161 658
2161 163
2161 305
2162 241
2162 29
2162 147
2163 61
2164 97
2164 214
2164 399
2164 284
2164 715
2164 286
2164 334
2164 588
2164 37
2164 537
2164 714
2164 261
2164 758
2164 176
2164 273
2164 700
2164 701
2164 212
2164 301
2164 249
2164 4
2164 372
2164 520
2164 137
2164 486
2164 686
2164 26
2164 11
2164 832
2165 244
2166 642
2167 567
2168 439
2168 755
2168 113
2168 558
2168 202
2168 115
2168 627
2169 399
2169 269
2169 731
2169 236
2169 712
2169 491
2169 136
2169 213
2169 749
2169 708
2169 101
2169 808
2169 82
2169 668
2169 25
2169 612
2169 663
2169 320
2169 50
2169 218
2169 751
2169 829
2170 552
2172 54
2173 175
2173 513
2173 94
2173 272
2177 117
2177 449
2178 77
2178 485
2178 69
2179 770
2180 725
2180 709
2180 124
2182 108
2182 203
2182 145
2182 577
2183 536
2190 778
2190 725
2199 817
2204 716
2205 738
2207 725
2214 716
2217 485
2220 725
2224 662
2224 682
2224 725
2224 680
2226 561
2227 782
2227 385
2227 8
2227 152
2229 831
2229 712
2229 25
2229 338
2230 716
2231 465
2237 718
2238 770
2239 810
2239 783
2239 554
2240 485
2240 536
2240 69
2240 725
2240 561
2242 728
2242 725
2242 825
2245 741
2249 12
2249 308
2251 725
2255 555
2255 485
2255 632
2256 575
2259 189
2263 741
2268 735
2268 725
2272 810
2278 568
2279 449
2279 60
2279 827
2281 689
2281 276
2281 45
2281 112
2281 69
2281 603
2281 313
2282 312
2282 716
2285 97
2285 49
2285 334
2285 548
2285 416
2285 780
2285 534
2285 287
2285 833
2285 70
2285 596
2285 542
2285 209
2285 498
2285 374
2286 450
2286 741
2287 402
2288 575
2289 117
2289 725
2296 283
2297 146
2297 89
2297 432
2297 195
2297 578
2297 733
2297 650
2297 535
2297 706
2297 487
2297 80
2297 438
2297 584
2297 295
2297 735
2297 401
2297 405
2297 47
2297 541
2297 381
2297 762
2297 279
2297 747
2297 458
2297 729
2297 592
2297 694
2297 561
2297 253
2297 199
2297 785
2297 280
2297 527
2297 306
2297 569
2300 659
2301 765
2301 308
2301 140
2303 755
2304 103
2305 810
2306 575
2308 485
2309 45
2310 146
2310 89
2310 432
2310 578
2310 733
2310 650
2310 706
2310 648
2310 487
2310 80
2310 584
2310 295
2310 735
2310 401
2310 405
2310 47
2310 541
2310 381
2310 762
2310 279
2310 747
2310 729
2310 592
2310 561
2310 253
2310 199
2310 785
2310 280
2310 527
2310 569
2311 98
2312 465
2315 725
2316 725
2318 586
2319 160
2319 725
2319 659
2319 111
2319 698
2319 332
2319 224
2320 716
2322 378
2322 485
2322 270
2322 685
2322 242
2322 651
2322 837
2322 529
2322 597
2322 67
2322 835
2325 465
2328 787
2328 830
2328 322
2328 646
2328 659
2328 111
2328 46
2328 224
2329 725
2335 709
2336 716
2337 568
2337 68
2337 525
2337 158
2337 200
2337 307
2337 817
2338 703
2338 93
2340 725
2342 196
2342 98
2342 42
2345 89
2345 656
2345 588
2345 229
2345 716
2345 562
2345 106
2346 548
2347 725
2348 459
2352 89
2352 425
2354 140
2355 485
2356 725
2358 472
2358 353
2359 778
2359 725
2360 442
2361 548
2361 287
2361 833
2361 209
2361 498
2361 374
2362 536
2363 350
2363 528
2364 634
2364 71
2367 155
2370 511
2372 790
2379 725
2380 485
2380 270
2380 596
2380 22
2380 685
2380 242
2380 597
2380 67
2380 835
2381 378
2381 571
2383 468
2384 778
2384 562
2384 725
2385 716
2385 465
2386 344
