0 2385
0 2338
1 2317
1 2296
1 2224
2 2387
3 2385
4 2292
4 2317
4 2385
5 2385
6 2368
6 2231
6 2310
6 2385
6 2312
6 2325
6 2212
6 2317
7 2312
7 2212
7 2385
7 2325
7 2276
7 2213
7 2368
7 2231
7 2292
7 2296
7 2317
8 2385
8 2337
9 2368
9 2325
9 2385
9 2213
10 2212
10 2312
10 2385
11 2212
12 2385
12 2213
12 2196
12 2368
12 2278
12 2242
12 2337
12 2276
12 2198
12 2292
12 2296
12 2325
12 2231
12 2212
12 2317
12 2192
12 2251
13 2361
14 2385
14 2213
14 2196
14 2296
14 2375
14 2201
14 2317
15 2212
16 2317
17 2312
17 2296
17 2231
17 2368
17 2325
17 2212
17 2385
17 2341
17 2291
17 2201
17 2298
17 2188
17 2374
18 2385
18 2212
19 2212
20 2385
20 2201
21 2385
21 2231
21 2325
21 2212
21 2264
22 2325
22 2212
22 2380
22 2322
22 2312
22 2368
23 2385
24 2278
24 2385
25 2231
25 2385
26 2212
26 2385
26 2368
26 2325
27 2312
27 2292
27 2296
27 2325
27 2212
27 2385
27 2233
27 2276
28 2229
28 2231
28 2385
29 2369
29 2363
30 2312
30 2385
30 2213
30 2196
30 2276
30 2292
31 2385
32 2212
33 2385
33 2341
34 2276
35 2368
35 2325
35 2231
35 2296
35 2385
35 2299
35 2213
35 2196
35 2358
36 2312
36 2296
36 2231
36 2368
37 2385
37 2212
38 2385
38 2231
38 2212
38 2368
38 2312
38 2325
38 2276
38 2213
38 2196
38 2292
39 2385
39 2312
39 2325
39 2317
40 2385
41 2213
41 2385
41 2196
41 2325
41 2231
41 2368
41 2212
42 2176
42 2255
42 2241
43 2385
43 2213
43 2196
43 2358
43 2372
43 2231
44 2385
44 2325
44 2212
44 2312
44 2368
45 2279
45 2259
45 2234
45 2267
45 2220
45 2177
45 2186
45 2381
45 2351
45 2383
46 2254
46 2344
47 2368
47 2325
47 2298
47 2312
48 2385
49 2361
50 2385
50 2212
50 2231
50 2368
50 2196
51 2361
52 2385
53 2374
54 2282
54 2345
54 2336
54 2320
54 2261
54 2178
54 2329
54 2279
55 2176
56 2297
56 2361
56 2385
57 2317
57 2385
57 2231
57 2368
57 2325
58 2212
59 2385
60 2312
60 2368
60 2385
61 2312
61 2385
61 2213
61 2196
61 2317
61 2231
61 2368
61 2276
61 2198
61 2212
62 2325
62 2385
62 2213
62 2196
62 2332
62 2293
62 2343
62 2231
62 2368
63 2212
63 2312
63 2385
63 2276
63 2213
64 2385
65 2239
66 2229
66 2317
66 2385
67 2385
67 2212
67 2368
67 2325
67 2312
67 2317
67 2292
68 2337
68 2312
68 2368
68 2385
69 2255
69 2241
69 2386
69 2317
69 2276
69 2312
69 2292
70 2212
70 2358
70 2372
70 2242
71 2364
72 2311
73 2212
74 2314
75 2212
75 2325
76 2276
77 2368
78 2297
79 2212
80 2368
80 2298
80 2291
80 2258
80 2188
81 2292
82 2212
82 2231
82 2385
82 2188
82 2341
82 2250
82 2374
82 2323
82 2291
83 2292
83 2325
83 2231
83 2368
83 2385
83 2254
83 2188
84 2368
84 2312
84 2325
84 2385
85 2312
86 2368
86 2212
86 2255
86 2312
86 2385
86 2276
86 2317
86 2310
87 2176
87 2255
87 2214
87 2282
87 2230
88 2312
88 2212
89 2312
89 2317
89 2212
89 2276
89 2292
89 2231
89 2368
89 2385
89 2341
89 2248
89 2298
89 2374
89 2258
89 2253
89 2324
89 2318
89 2205
89 2184
90 2361
91 2385
91 2337
92 2212
93 2370
93 2385
93 2213
94 2385
94 2213
94 2196
94 2368
94 2296
94 2231
94 2312
94 2325
94 2212
94 2298
94 2341
95 2212
95 2312
95 2292
95 2325
95 2368
95 2317
96 2312
96 2212
97 2212
98 2271
98 2378
98 2195
98 2236
98 2203
98 2257
98 2269
98 2206
98 2194
98 2349
98 2208
98 2247
98 2232
98 2222
98 2382
98 2191
98 2216
98 2225
98 2321
99 2385
99 2325
99 2212
100 2385
100 2317
101 2385
101 2231
101 2296
101 2212
102 2385
102 2212
102 2243
102 2213
102 2196
102 2312
103 2317
103 2276
103 2312
103 2296
103 2325
103 2368
103 2385
103 2251
103 2190
103 2384
103 2359
103 2356
103 2207
103 2315
103 2339
103 2309
104 2212
104 2385
104 2312
104 2325
105 2368
105 2296
105 2250
105 2298
105 2341
105 2352
105 2317
105 2198
105 2276
105 2312
105 2292
105 2299
105 2325
105 2231
105 2212
105 2385
105 2248
106 2368
106 2219
106 2184
106 2310
106 2298
106 2231
106 2385
107 2312
107 2317
107 2385
108 2385
108 2212
108 2213
108 2196
108 2296
108 2276
108 2317
109 2387
110 2385
110 2368
110 2231
110 2312
110 2325
111 2366
112 2229
112 2357
112 2298
112 2188
112 2374
112 2240
113 2385
113 2213
113 2196
113 2368
113 2325
113 2212
113 2276
113 2317
114 2212
114 2368
114 2312
114 2296
114 2292
114 2276
115 2385
115 2213
116 2368
116 2385
116 2213
116 2231
116 2325
116 2312
116 2341
116 2291
116 2258
116 2188
116 2353
117 2317
117 2368
117 2385
117 2213
117 2312
117 2212
118 2385
118 2296
119 2231
119 2368
119 2310
119 2312
119 2292
119 2325
119 2212
120 2385
120 2213
121 2385
121 2312
121 2325
121 2212
122 2385
122 2282
122 2317
122 2276
122 2292
122 2296
122 2251
123 2385
123 2212
123 2229
124 2276
124 2335
125 2385
125 2212
125 2368
126 2312
127 2385
127 2231
127 2368
127 2212
127 2296
128 2385
128 2292
129 2231
129 2385
130 2385
130 2312
131 2385
132 2385
132 2212
133 2385
133 2213
133 2196
133 2212
134 2239
134 2341
135 2310
135 2297
136 2212
136 2385
137 2385
137 2213
137 2196
137 2325
137 2212
138 2385
138 2213
138 2196
138 2312
138 2325
138 2368
139 2368
140 2297
141 2212
141 2296
141 2368
141 2276
141 2312
141 2292
142 2297
143 2298
143 2323
143 2385
144 2361
145 2385
145 2312
145 2231
145 2341
145 2368
145 2296
145 2325
145 2292
145 2317
145 2192
145 2213
145 2196
145 2251
146 2368
147 2231
147 2385
148 2231
148 2385
149 2385
149 2213
149 2312
149 2325
149 2341
150 2325
151 2325
152 2385
152 2337
153 2387
154 2385
154 2181
155 2367
156 2212
156 2385
157 2212
157 2385
158 2385
158 2337
159 2380
159 2312
160 2319
160 2241
160 2386
160 2287
160 2366
160 2328
160 2300
160 2252
161 2385
161 2212
161 2231
161 2276
162 2368
162 2385
162 2231
162 2325
163 2368
163 2231
163 2291
163 2310
163 2312
163 2212
163 2385
164 2385
164 2213
164 2231
164 2325
165 2312
166 2289
167 2385
167 2212
168 2385
168 2188
169 2325
169 2317
170 2385
171 2212
172 2368
173 2231
174 2231
174 2385
175 2385
175 2231
176 2212
176 2325
176 2312
176 2385
176 2196
176 2296
176 2299
176 2317
177 2357
177 2385
177 2296
177 2368
177 2325
178 2385
178 2276
178 2212
178 2213
179 2212
179 2368
179 2312
179 2385
179 2231
179 2325
179 2310
179 2278
179 2337
180 2368
180 2231
181 2325
181 2212
182 2312
182 2380
183 2370
183 2368
183 2212
183 2385
184 2341
184 2295
184 2248
184 2298
184 2188
184 2250
184 2258
184 2229
184 2357
184 2385
184 2213
184 2231
185 2361
186 2325
186 2296
187 2325
187 2188
187 2312
187 2292
187 2296
187 2368
187 2385
187 2317
187 2341
187 2291
188 2385
188 2212
188 2213
188 2196
189 2259
189 2265
190 2212
190 2312
190 2368
190 2325
190 2299
190 2296
190 2310
191 2325
191 2212
192 2385
192 2337
192 2380
192 2278
192 2213
192 2196
192 2276
192 2198
192 2365
192 2296
192 2325
192 2231
192 2368
192 2192
193 2385
193 2212
193 2231
193 2312
194 2341
194 2291
194 2374
194 2188
194 2385
195 2362
196 2385
196 2276
196 2312
196 2198
196 2213
196 2181
197 2231
197 2385
197 2368
197 2325
197 2296
197 2212
197 2213
198 2362
198 2197
199 2213
200 2385
200 2368
200 2212
200 2325
200 2213
200 2196
200 2231
200 2312
200 2276
200 2278
200 2358
200 2198
200 2335
200 2292
200 2296
200 2182
201 2385
201 2213
201 2212
202 2312
202 2235
202 2317
202 2385
202 2276
202 2198
202 2231
202 2368
202 2212
203 2368
203 2385
203 2231
204 2213
205 2368
205 2231
205 2325
205 2299
206 2212
207 2325
207 2368
207 2385
207 2213
208 2331
208 2385
208 2387
208 2303
208 2284
209 2385
210 2325
210 2212
210 2385
210 2312
210 2368
211 2385
211 2213
211 2196
211 2241
212 2212
212 2385
212 2312
212 2325
212 2368
212 2213
212 2310
212 2317
213 2385
213 2368
213 2212
213 2310
213 2298
214 2361
215 2385
216 2385
216 2325
216 2296
216 2368
217 2276
217 2385
217 2231
217 2264
218 2385
219 2325
219 2385
219 2296
219 2231
219 2368
220 2385
220 2368
221 2385
222 2212
222 2312
222 2296
222 2299
222 2325
222 2231
222 2368
222 2385
223 2312
223 2212
223 2325
223 2385
223 2213
223 2196
223 2276
224 2231
224 2368
224 2385
225 2368
225 2312
225 2325
225 2385
225 2231
225 2299
225 2276
226 2255
226 2201
226 2312
227 2337
227 2296
227 2385
228 2325
228 2368
228 2310
228 2317
228 2312
228 2385
229 2282
230 2212
231 2385
231 2212
231 2325
232 2385
232 2231
232 2368
232 2310
233 2385
233 2213
233 2312
233 2276
233 2198
233 2255
233 2355
234 2385
234 2312
234 2292
234 2325
234 2231
234 2368
234 2317
235 2385
235 2312
235 2213
235 2196
235 2368
235 2325
235 2212
235 2310
236 2385
236 2212
236 2213
236 2196
236 2296
236 2325
236 2368
236 2231
236 2317
237 2212
237 2385
238 2312
238 2212
238 2296
238 2317
238 2385
239 2212
239 2385
240 2255
241 2385
242 2380
242 2322
242 2312
242 2368
242 2212
243 2385
243 2213
243 2196
243 2325
243 2212
243 2231
243 2368
244 2212
244 2317
244 2385
245 2385
245 2312
245 2231
245 2317
245 2213
245 2341
245 2204
245 2345
245 2297
245 2310
246 2264
246 2189
247 2385
248 2312
249 2212
249 2368
249 2296
249 2231
249 2312
250 2212
251 2341
251 2291
251 2201
251 2298
251 2292
251 2184
252 2212
252 2312
252 2385
252 2317
252 2361
253 2368
254 2385
255 2317
255 2292
255 2385
256 2212
257 2325
257 2385
257 2213
257 2312
257 2296
257 2368
258 2385
258 2296
258 2231
258 2368
258 2317
259 2233
259 2181
259 2385
260 2385
261 2212
261 2325
261 2368
261 2312
261 2385
262 2312
262 2212
263 2312
264 2385
265 2385
266 2385
266 2213
266 2196
266 2198
267 2385
268 2385
268 2213
269 2385
269 2213
269 2368
269 2231
269 2196
269 2298
269 2212
269 2299
269 2325
269 2312
269 2292
270 2212
271 2325
271 2385
272 2312
272 2212
272 2385
273 2212
273 2312
274 2385
274 2296
274 2355
275 2385
275 2297
275 2362
275 2312
275 2317
275 2380
275 2177
275 2311
275 2361
276 2362
277 2312
278 2317
278 2312
278 2276
278 2212
279 2368
279 2312
279 2231
279 2341
279 2188
280 2368
280 2341
280 2188
281 2385
281 2368
281 2231
281 2310
281 2292
282 2385
283 2337
283 2325
283 2317
283 2385
284 2385
284 2212
284 2213
284 2196
285 2385
286 2296
286 2325
286 2231
286 2368
286 2212
286 2317
286 2385
287 2385
287 2212
288 2226
289 2385
289 2325
289 2292
290 2385
291 2212
292 2385
293 2278
293 2337
293 2276
293 2312
293 2292
293 2317
293 2385
294 2297
295 2368
295 2231
295 2325
295 2341
295 2291
295 2298
295 2323
295 2188
295 2310
295 2297
296 2385
296 2296
296 2212
296 2198
296 2226
296 2326
296 2309
296 2268
296 2178
296 2255
296 2217
296 2249
296 2301
296 2347
296 2316
296 2340
296 2355
297 2385
297 2213
297 2196
297 2231
297 2368
297 2212
298 2350
298 2313
299 2188
299 2338
300 2231
300 2385
300 2325
300 2212
300 2368
301 2312
301 2212
301 2181
301 2325
301 2368
301 2385
302 2212
302 2385
303 2212
304 2386
305 2385
305 2212
306 2325
306 2312
306 2276
306 2317
306 2368
306 2310
306 2297
306 2213
307 2385
307 2292
307 2337
308 2368
308 2212
308 2385
308 2358
308 2337
308 2312
308 2292
308 2296
308 2325
308 2317
309 2380
309 2212
309 2312
309 2325
309 2227
309 2385
309 2213
309 2196
309 2192
310 2231
311 2368
312 2212
312 2385
312 2276
312 2231
312 2213
313 2368
314 2341
314 2298
314 2188
314 2295
314 2248
315 2212
316 2380
316 2212
317 2368
318 2264
319 2385
320 2385
320 2212
321 2362
321 2177
322 2312
322 2344
322 2368
322 2308
322 2187
322 2266
322 2292
322 2231
322 2386
322 2328
322 2262
322 2342
323 2385
323 2231
323 2368
323 2310
323 2317
324 2337
324 2212
325 2337
326 2385
326 2213
326 2231
327 2296
327 2212
327 2385
328 2385
328 2213
328 2196
328 2325
329 2276
329 2312
330 2385
331 2287
332 2212
332 2368
332 2231
333 2335
334 2338
335 2312
336 2385
337 2385
337 2213
337 2196
337 2260
337 2231
337 2368
337 2325
337 2212
337 2341
337 2291
337 2188
338 2385
338 2325
338 2296
338 2212
339 2278
339 2385
340 2385
341 2385
341 2213
341 2196
341 2337
342 2212
342 2385
343 2312
344 2211
345 2385
346 2325
346 2368
346 2385
347 2312
348 2276
348 2312
349 2385
350 2346
351 2385
352 2312
352 2276
353 2385
354 2385
354 2213
354 2325
354 2196
354 2312
355 2385
355 2296
355 2213
355 2325
355 2368
355 2312
355 2231
355 2229
356 2385
357 2385
357 2213
357 2325
358 2385
358 2299
358 2325
359 2385
359 2241
360 2385
361 2296
361 2325
361 2231
361 2368
361 2212
361 2317
361 2385
362 2192
362 2368
362 2212
362 2385
363 2385
364 2385
365 2325
365 2385
365 2317
366 2317
366 2198
366 2385
367 2325
367 2368
367 2385
367 2296
368 2380
368 2312
369 2385
370 2212
371 2231
371 2368
371 2385
372 2325
372 2312
372 2385
372 2368
372 2212
373 2292
373 2296
373 2368
373 2213
373 2310
373 2312
373 2299
373 2325
373 2231
373 2385
373 2201
373 2250
373 2258
373 2248
373 2291
373 2188
373 2374
373 2298
374 2212
374 2385
375 2385
375 2325
376 2385
377 2296
377 2299
377 2325
377 2385
378 2212
378 2292
379 2385
380 2317
380 2276
380 2312
380 2292
380 2385
380 2212
381 2368
381 2385
381 2287
381 2231
382 2212
382 2355
382 2296
382 2385
382 2196
383 2312
383 2212
383 2201
383 2385
384 2174
384 2197
385 2385
385 2213
385 2196
386 2385
386 2213
386 2196
386 2212
386 2264
387 2317
388 2337
389 2325
389 2385
390 2385
390 2213
390 2196
390 2312
390 2368
390 2231
390 2325
390 2299
390 2296
390 2212
391 2291
391 2188
392 2325
392 2368
392 2296
392 2231
392 2385
392 2312
392 2292
392 2317
392 2213
392 2251
392 2276
392 2198
392 2299
392 2196
392 2375
393 2231
394 2325
394 2368
394 2385
394 2312
394 2296
394 2231
395 2325
396 2385
397 2385
398 2291
399 2212
399 2312
399 2325
399 2368
399 2385
399 2213
399 2296
399 2231
399 2317
400 2312
400 2325
400 2368
400 2212
400 2317
400 2385
401 2368
401 2231
402 2276
402 2312
402 2317
403 2212
403 2296
403 2385
404 2385
404 2212
404 2213
404 2276
404 2368
404 2325
405 2368
406 2385
407 2188
407 2291
407 2368
407 2231
408 2385
408 2264
408 2213
409 2385
409 2312
409 2213
409 2196
409 2325
409 2212
409 2317
410 2255
410 2371
410 2218
411 2368
411 2385
411 2213
411 2196
411 2310
411 2298
411 2212
412 2385
412 2231
412 2212
412 2213
413 2212
413 2385
413 2213
413 2196
413 2368
413 2325
413 2296
413 2276
413 2312
413 2198
413 2233
413 2181
413 2231
413 2229
413 2337
413 2292
413 2317
413 2258
413 2253
414 2197
414 2385
415 2385
416 2361
417 2385
417 2325
417 2368
417 2212
418 2361
419 2212
419 2312
419 2317
419 2276
419 2385
419 2213
419 2196
419 2368
419 2325
419 2296
420 2325
420 2212
420 2385
420 2362
420 2368
420 2231
420 2312
420 2276
420 2296
420 2317
421 2385
421 2276
421 2312
422 2312
422 2385
422 2276
422 2198
422 2325
422 2213
423 2380
423 2312
424 2385
424 2231
425 2317
425 2385
426 2385
427 2312
427 2212
427 2325
427 2385
427 2213
427 2196
427 2358
427 2231
427 2368
427 2317
427 2181
427 2233
428 2385
428 2317
428 2192
428 2213
428 2196
429 2312
430 2276
431 2212
431 2226
432 2325
432 2231
432 2368
433 2212
433 2385
433 2213
433 2325
433 2368
433 2292
433 2231
433 2296
434 2385
434 2213
434 2196
434 2312
434 2296
434 2231
434 2212
435 2325
435 2385
436 2385
437 2385
437 2297
437 2361
438 2385
438 2368
438 2212
438 2312
438 2325
438 2317
439 2385
440 2312
440 2317
441 2312
441 2292
441 2296
441 2325
441 2368
441 2212
441 2317
441 2385
442 2360
443 2212
444 2385
444 2212
445 2212
446 2276
446 2312
446 2317
447 2312
447 2368
447 2385
447 2317
448 2361
449 2380
449 2322
449 2239
449 2177
449 2312
449 2325
449 2368
449 2212
450 2198
451 2312
452 2243
453 2385
454 2361
455 2235
455 2364
456 2212
457 2276
458 2385
458 2368
459 2239
460 2212
460 2385
461 2368
461 2385
461 2296
461 2231
462 2385
462 2213
462 2196
463 2385
464 2200
464 2215
464 2264
464 2385
464 2278
464 2276
464 2296
464 2325
464 2231
464 2368
464 2212
465 2317
465 2312
465 2368
465 2212
465 2325
465 2385
465 2184
465 2280
465 2292
465 2231
466 2212
467 2317
468 2385
469 2255
470 2287
471 2385
471 2213
471 2196
471 2212
472 2372
472 2292
472 2385
472 2358
472 2317
473 2276
473 2312
474 2296
474 2385
475 2368
475 2325
476 2311
476 2386
476 2272
476 2221
476 2305
476 2273
476 2277
476 2270
476 2274
476 2290
477 2296
477 2212
477 2312
477 2292
477 2231
477 2368
477 2317
477 2385
478 2385
478 2231
478 2212
478 2213
479 2385
480 2385
481 2385
482 2212
482 2213
482 2385
482 2196
482 2317
482 2312
483 2380
483 2386
484 2325
485 2322
486 2385
487 2250
488 2312
489 2312
489 2385
489 2212
490 2361
491 2385
491 2213
491 2196
492 2231
492 2368
492 2212
492 2385
492 2213
493 2212
493 2385
493 2312
493 2296
494 2385
494 2213
494 2196
494 2231
495 2296
495 2385
495 2317
495 2312
496 2368
496 2325
496 2312
496 2212
497 2368
497 2212
497 2243
497 2312
497 2385
497 2325
497 2296
497 2213
498 2312
498 2325
498 2212
498 2385
498 2213
499 2385
499 2212
499 2368
499 2325
499 2310
499 2292
500 2317
501 2368
501 2325
501 2385
502 2385
502 2325
502 2312
502 2296
502 2368
502 2213
503 2239
503 2337
503 2292
503 2385
503 2231
503 2368
503 2317
504 2385
504 2213
504 2196
504 2231
504 2368
505 2212
505 2385
505 2312
506 2245
507 2212
507 2325
507 2385
508 2231
508 2368
508 2385
509 2385
510 2212
511 2231
511 2276
511 2198
511 2212
511 2368
512 2333
512 2312
513 2385
513 2298
513 2231
513 2368
513 2296
513 2325
513 2341
514 2312
514 2368
515 2317
515 2385
515 2368
515 2231
516 2175
517 2385
517 2325
517 2212
517 2317
517 2312
517 2296
518 2385
518 2312
518 2231
518 2368
518 2325
518 2264
518 2213
519 2212
520 2212
520 2296
520 2368
521 2385
521 2192
521 2213
521 2196
521 2374
521 2188
521 2298
522 2212
523 2380
524 2337
524 2322
524 2380
525 2312
525 2276
525 2385
525 2198
525 2296
525 2368
525 2317
525 2213
525 2251
526 2385
526 2312
527 2368
528 2385
528 2312
528 2296
529 2380
529 2385
530 2385
530 2212
530 2312
531 2312
532 2385
533 2385
533 2213
533 2196
533 2312
533 2368
533 2212
533 2325
533 2310
534 2361
535 2368
535 2385
535 2212
535 2231
536 2276
536 2312
536 2198
536 2325
536 2368
536 2183
536 2238
536 2362
536 2337
537 2212
537 2325
537 2299
537 2312
537 2385
537 2292
537 2296
537 2317
538 2297
539 2325
539 2385
539 2213
539 2196
539 2312
539 2212
540 2368
540 2312
540 2385
540 2310
540 2298
541 2368
541 2231
542 2361
543 2368
543 2312
544 2212
544 2385
545 2368
545 2212
546 2385
546 2212
546 2325
546 2368
546 2296
546 2312
546 2322
546 2380
546 2243
547 2212
548 2209
548 2185
548 2199
548 2202
548 2294
549 2368
549 2312
550 2212
550 2385
550 2233
551 2385
551 2312
552 2368
552 2385
552 2231
552 2325
552 2296
552 2298
552 2310
552 2292
553 2385
554 2368
555 2241
555 2255
556 2325
556 2385
557 2385
557 2212
557 2213
557 2196
557 2312
557 2368
557 2231
557 2299
557 2292
557 2296
558 2385
559 2385
559 2368
559 2325
559 2310
559 2276
559 2292
560 2312
560 2385
560 2368
561 2312
561 2276
561 2198
561 2385
562 2180
562 2317
563 2276
563 2231
563 2385
564 2312
564 2212
564 2385
564 2213
564 2196
564 2226
564 2298
564 2276
564 2325
564 2368
565 2212
566 2385
566 2213
567 2385
567 2196
567 2212
567 2312
567 2317
567 2276
567 2296
567 2231
567 2368
568 2385
568 2312
568 2325
569 2193
569 2362
570 2385
571 2361
572 2385
572 2368
573 2385
573 2368
573 2325
573 2296
573 2212
574 2307
575 2193
575 2348
575 2288
575 2256
575 2354
575 2302
575 2306
575 2238
576 2235
576 2387
576 2275
577 2337
577 2312
577 2325
577 2231
577 2368
577 2317
577 2385
577 2212
578 2231
578 2368
578 2312
578 2325
578 2385
578 2292
578 2296
578 2299
578 2212
578 2317
579 2358
579 2372
579 2337
580 2325
580 2212
580 2312
580 2231
580 2368
580 2317
581 2385
581 2213
581 2196
581 2231
581 2368
581 2325
581 2212
581 2296
581 2341
581 2291
581 2188
582 2368
582 2325
582 2385
583 2385
583 2212
584 2368
584 2188
584 2341
584 2291
584 2298
584 2323
585 2212
585 2385
586 2368
587 2212
587 2325
588 2312
588 2212
588 2368
588 2385
588 2325
588 2292
588 2231
588 2181
588 2201
588 2317
588 2276
588 2198
589 2385
589 2213
589 2196
589 2212
590 2276
590 2312
590 2385
590 2213
590 2296
590 2231
590 2368
590 2325
590 2212
590 2341
590 2291
590 2188
591 2325
591 2368
591 2212
591 2317
591 2385
592 2368
592 2231
593 2312
594 2212
595 2385
595 2213
595 2196
595 2372
596 2212
597 2296
597 2385
597 2292
597 2312
597 2325
597 2231
597 2368
597 2212
597 2317
598 2368
598 2385
599 2368
600 2212
601 2385
602 2212
603 2377
603 2338
604 2385
605 2385
605 2325
606 2385
606 2212
606 2380
606 2181
606 2312
606 2325
606 2317
606 2231
607 2281
608 2361
609 2311
610 2312
610 2296
610 2231
610 2368
610 2325
610 2212
610 2317
610 2385
610 2213
610 2196
610 2192
611 2385
611 2325
612 2341
613 2278
613 2337
613 2312
614 2385
614 2312
614 2212
614 2213
614 2196
614 2368
614 2317
615 2325
615 2385
615 2368
615 2312
616 2368
616 2231
616 2291
616 2310
617 2385
617 2213
617 2196
618 2385
618 2213
618 2196
618 2325
618 2368
618 2296
618 2312
618 2299
618 2231
618 2310
618 2317
619 2385
619 2317
619 2184
620 2385
621 2368
621 2325
621 2231
621 2385
622 2229
623 2312
624 2231
624 2325
624 2296
624 2368
624 2385
625 2212
626 2385
626 2213
626 2196
626 2212
627 2385
627 2213
628 2212
629 2368
629 2325
629 2310
630 2212
630 2368
631 2212
631 2312
631 2317
632 2231
632 2368
632 2276
632 2312
632 2385
632 2325
632 2298
633 2212
633 2325
633 2368
633 2292
634 2327
634 2237
635 2325
635 2385
635 2312
635 2368
635 2299
635 2231
635 2212
635 2278
635 2276
635 2198
636 2385
636 2213
636 2276
636 2296
636 2325
637 2212
637 2385
638 2312
638 2385
639 2212
639 2385
640 2212
641 2212
641 2325
641 2292
641 2368
642 2368
643 2385
643 2312
643 2213
643 2196
643 2341
643 2276
643 2198
643 2325
643 2231
643 2368
644 2338
645 2212
646 2331
646 2387
647 2361
648 2361
649 2368
650 2297
651 2231
651 2385
651 2310
651 2325
651 2368
651 2212
652 2296
652 2231
652 2241
652 2337
652 2385
653 2385
653 2231
654 2361
655 2385
656 2212
656 2325
656 2312
656 2385
657 2385
657 2312
658 2276
658 2198
658 2385
659 2387
659 2304
660 2385
660 2213
660 2196
660 2231
660 2212
660 2368
660 2325
660 2296
660 2341
660 2291
660 2188
661 2385
661 2196
661 2312
661 2296
662 2317
662 2385
662 2292
662 2296
662 2368
662 2212
663 2212
663 2385
663 2213
663 2196
664 2385
664 2325
664 2276
664 2312
664 2368
664 2212
664 2231
665 2325
665 2385
665 2213
666 2385
666 2212
667 2296
667 2292
667 2325
668 2369
668 2291
669 2385
669 2213
669 2196
670 2385
671 2385
671 2231
671 2379
671 2368
672 2385
672 2368
673 2289
674 2385
675 2361
676 2312
676 2385
677 2361
677 2385
677 2337
677 2212
677 2285
678 2362
679 2385
679 2212
679 2368
680 2317
680 2292
680 2296
680 2385
681 2385
681 2213
681 2196
681 2312
681 2276
681 2296
681 2292
681 2231
681 2368
681 2212
682 2317
682 2312
682 2292
682 2296
682 2368
682 2212
682 2385
683 2385
683 2213
683 2312
683 2276
683 2212
683 2231
683 2198
683 2341
684 2385
684 2317
685 2380
685 2322
685 2317
685 2325
685 2231
685 2385
685 2192
685 2213
685 2196
686 2212
686 2385
687 2385
687 2213
687 2196
687 2312
687 2292
687 2296
687 2325
687 2231
687 2368
687 2212
688 2325
688 2385
689 2385
689 2213
690 2368
690 2385
691 2197
691 2385
691 2201
692 2376
693 2337
693 2385
694 2312
694 2385
695 2331
696 2201
696 2291
697 2385
697 2213
697 2196
697 2212
697 2312
698 2325
698 2212
698 2312
698 2368
698 2317
698 2385
699 2385
699 2213
699 2196
700 2212
700 2317
700 2312
701 2385
701 2212
701 2368
701 2325
701 2231
701 2296
701 2317
701 2213
702 2212
702 2361
703 2385
703 2213
703 2196
704 2348
704 2322
705 2378
706 2368
706 2325
706 2312
706 2231
706 2341
706 2188
706 2310
706 2385
706 2276
706 2296
706 2299
706 2317
707 2241
708 2310
708 2368
708 2385
708 2298
708 2296
708 2325
708 2231
709 2196
709 2296
709 2231
709 2368
709 2385
709 2213
709 2292
709 2299
709 2276
709 2251
710 2385
711 2212
712 2212
712 2385
712 2231
712 2368
712 2196
713 2223
714 2212
714 2312
714 2325
714 2368
715 2312
716 2282
716 2214
717 2385
718 2341
719 2212
720 2212
720 2385
721 2213
722 2385
722 2212
722 2312
723 2212
723 2385
723 2312
723 2368
723 2231
724 2212
725 2255
725 2241
725 2339
725 2309
725 2190
725 2384
725 2207
725 2356
725 2315
726 2325
727 2385
728 2385
728 2205
728 2212
728 2231
728 2312
728 2325
728 2368
729 2368
729 2385
730 2385
730 2231
730 2312
730 2368
730 2325
730 2296
730 2213
730 2196
730 2188
731 2212
731 2385
731 2213
731 2196
731 2188
731 2323
732 2385
733 2283
734 2231
734 2312
734 2341
734 2291
735 2325
735 2368
735 2229
735 2298
735 2341
735 2188
736 2385
736 2213
736 2296
737 2212
737 2385
737 2368
737 2325
737 2296
738 2385
738 2196
739 2385
739 2212
740 2385
740 2325
740 2298
740 2188
740 2291
740 2213
741 2263
741 2286
741 2245
742 2385
742 2212
742 2312
742 2368
742 2231
743 2337
743 2312
744 2385
745 2215
745 2385
745 2188
746 2212
747 2368
748 2348
749 2296
749 2368
749 2385
749 2310
749 2231
750 2325
750 2355
750 2231
750 2368
751 2298
751 2188
751 2212
751 2368
751 2325
752 2348
753 2215
754 2212
754 2350
755 2312
756 2312
757 2212
757 2325
757 2385
757 2368
758 2385
758 2212
759 2368
760 2385
760 2368
761 2368
762 2362
762 2312
763 2385
764 2317
764 2252
764 2386
765 2385
766 2385
766 2368
767 2385
768 2361
769 2380
770 2289
770 2312
770 2296
770 2385
771 2385
771 2213
771 2196
771 2312
772 2385
772 2312
773 2278
773 2212
774 2368
775 2307
776 2385
776 2213
776 2196
776 2192
777 2385
777 2312
778 2317
778 2292
779 2375
780 2212
780 2385
780 2368
781 2385
781 2368
781 2325
781 2212
782 2385
782 2213
783 2239
783 2298
783 2312
783 2212
784 2361
785 2276
785 2312
786 2385
786 2213
786 2196
787 2344
787 2229
787 2308
787 2331
787 2368
788 2241
789 2334
790 2231
790 2358
791 2385
792 2231
792 2385
792 2296
792 2278
792 2312
792 2212
792 2358
792 2337
792 2292
792 2325
792 2368
792 2317
792 2196
793 2385
793 2276
794 2325
794 2317
795 2361
796 2212
797 2361
798 2368
798 2212
798 2317
798 2325
798 2312
798 2385
798 2361
799 2312
799 2385
799 2212
800 2197
800 2174
800 2215
800 2385
800 2200
801 2385
801 2296
801 2231
801 2368
801 2325
802 2385
802 2276
802 2312
803 2361
803 2367
804 2231
804 2385
804 2213
804 2196
804 2368
804 2337
804 2198
805 2312
805 2385
805 2213
805 2196
806 2176
807 2325
807 2385
808 2385
808 2325
808 2213
808 2196
808 2212
808 2296
808 2231
808 2337
808 2312
808 2299
808 2368
809 2385
810 2317
810 2228
811 2210
811 2246
812 2231
813 2368
813 2231
813 2312
814 2348
814 2212
815 2362
815 2255
815 2251
815 2297
815 2280
815 2368
815 2296
815 2361
815 2204
815 2179
815 2330
815 2279
815 2345
815 2178
815 2230
816 2312
817 2292
817 2317
817 2365
817 2296
817 2276
817 2312
817 2325
817 2231
817 2368
817 2212
817 2385
817 2380
817 2322
818 2385
818 2213
818 2196
818 2312
818 2292
818 2231
818 2212
818 2317
818 2276
818 2296
818 2368
819 2385
819 2213
819 2276
819 2212
819 2312
819 2231
819 2368
819 2325
819 2317
819 2196
820 2385
821 2385
821 2213
822 2312
822 2325
822 2385
823 2362
824 2189
824 2373
824 2212
824 2317
824 2385
824 2244
825 2325
825 2368
825 2385
825 2213
825 2196
825 2242
825 2276
825 2312
825 2198
825 2292
825 2231
825 2212
826 2385
826 2299
826 2212
827 2276
828 2385
829 2212
829 2385
829 2296
830 2344
830 2368
831 2385
831 2213
831 2196
831 2212
831 2368
831 2231
832 2385
832 2213
832 2196
832 2312
832 2212
833 2361
834 2355
835 2385
835 2241
835 2325
836 2212
836 2385
836 2213
836 2196
837 2312
838 2312
838 2368
838 2325
839 2325
839 2368
839 2385
839 2276
839 2312
839 2198
839 2299
839 2231
839 2212
839 2251
840 2385
840 2212
840 2361
2174 384
2174 800
2175 516
2176 87
2176 55
2176 42
2176 806
2177 275
2177 45
2177 449
2177 321
2178 815
2178 296
2178 54
2179 815
2180 562
2181 606
2181 427
2181 588
2181 196
2181 154
2181 301
2181 413
2181 259
2182 200
2183 536
2184 89
2184 619
2184 251
2184 465
2184 106
2185 548
2186 45
2187 322
2188 740
2188 660
2188 730
2188 745
2188 731
2188 112
2188 706
2188 17
2188 299
2188 80
2188 194
2188 187
2188 584
2188 590
2188 295
2188 735
2188 116
2188 337
2188 391
2188 82
2188 184
2188 314
2188 279
2188 521
2188 407
2188 168
2188 581
2188 280
2188 751
2188 373
2188 83
2189 824
2189 246
2190 103
2190 725
2191 98
2192 776
2192 12
2192 428
2192 610
2192 362
2192 521
2192 309
2192 685
2192 145
2192 192
2193 575
2193 569
2194 98
2195 98
2196 699
2196 38
2196 681
2196 138
2196 284
2196 386
2196 660
2196 269
2196 589
2196 61
2196 730
2196 62
2196 188
2196 539
2196 427
2196 805
2196 687
2196 354
2196 792
2196 831
2196 731
2196 776
2196 41
2196 12
2196 236
2196 712
2196 618
2196 243
2196 266
2196 434
2196 595
2196 661
2196 643
2196 428
2196 382
2196 297
2196 491
2196 385
2196 703
2196 419
2196 564
2196 43
2196 482
2196 533
2196 176
2196 108
2196 200
2196 471
2196 341
2196 557
2196 337
2196 808
2196 14
2196 610
2196 697
2196 411
2196 102
2196 818
2196 771
2196 669
2196 328
2196 30
2196 614
2196 521
2196 663
2196 309
2196 804
2196 685
2196 392
2196 35
2196 409
2196 738
2196 825
2196 50
2196 223
2196 137
2196 567
2196 819
2196 145
2196 836
2196 494
2196 113
2196 581
2196 786
2196 94
2196 462
2196 413
2196 626
2196 192
2196 133
2196 709
2196 504
2196 390
2196 617
2196 211
2196 832
2196 235
2197 384
2197 198
2197 414
2197 800
2197 691
2198 511
2198 658
2198 450
2198 61
2198 588
2198 196
2198 233
2198 12
2198 266
2198 296
2198 683
2198 643
2198 525
2198 422
2198 200
2198 839
2198 536
2198 366
2198 635
2198 804
2198 392
2198 825
2198 105
2198 561
2198 413
2198 192
2198 202
2199 548
2200 464
2200 800
2201 383
2201 588
2201 17
2201 251
2201 20
2201 696
2201 14
2201 691
2201 226
2201 373
2202 548
2203 98
2204 815
2204 245
2205 728
2205 89
2206 98
2207 103
2207 725
2208 98
2209 548
2210 811
2211 344
2212 728
2212 547
2212 89
2212 97
2212 250
2212 606
2212 444
2212 79
2212 38
2212 399
2212 681
2212 511
2212 92
2212 378
2212 256
2212 578
2212 600
2212 641
2212 284
2212 383
2212 386
2212 507
2212 660
2212 7
2212 181
2212 303
2212 88
2212 417
2212 291
2212 239
2212 44
2212 237
2212 286
2212 121
2212 269
2212 477
2212 589
2212 61
2212 640
2212 361
2212 167
2212 645
2212 86
2212 535
2212 550
2212 312
2212 188
2212 252
2212 380
2212 464
2212 123
2212 539
2212 427
2212 722
2212 114
2212 687
2212 517
2212 156
2212 798
2212 656
2212 63
2212 792
2212 588
2212 831
2212 731
2212 799
2212 41
2212 324
2212 37
2212 537
2212 496
2212 12
2212 544
2212 95
2212 278
2212 711
2212 19
2212 236
2212 712
2212 243
2212 190
2212 117
2212 679
2212 434
2212 780
2212 449
2212 714
2212 191
2212 261
2212 296
2212 583
2212 262
2212 499
2212 157
2212 17
2212 796
2212 783
2212 197
2212 327
2212 683
2212 99
2212 382
2212 438
2212 297
2212 758
2212 445
2212 824
2212 630
2212 141
2212 497
2212 631
2212 590
2212 419
2212 633
2212 287
2212 404
2212 773
2212 178
2212 564
2212 662
2212 183
2212 136
2212 213
2212 510
2212 456
2212 602
2212 201
2212 545
2212 482
2212 533
2212 176
2212 639
2212 163
2212 465
2212 108
2212 200
2212 594
2212 839
2212 471
2212 814
2212 21
2212 739
2212 557
2212 720
2212 101
2212 300
2212 27
2212 337
2212 273
2212 677
2212 746
2212 342
2212 206
2212 808
2212 270
2212 591
2212 441
2212 700
2212 682
2212 230
2212 754
2212 522
2212 70
2212 75
2212 238
2212 493
2212 308
2212 315
2212 610
2212 697
2212 596
2212 840
2212 742
2212 22
2212 82
2212 231
2212 411
2212 565
2212 102
2212 362
2212 370
2212 701
2212 15
2212 244
2212 817
2212 818
2212 127
2212 212
2212 301
2212 635
2212 614
2212 573
2212 719
2212 412
2212 663
2212 309
2212 320
2212 505
2212 249
2212 193
2212 132
2212 403
2212 161
2212 222
2212 338
2212 58
2212 242
2212 409
2212 32
2212 651
2212 73
2212 104
2212 478
2212 492
2212 702
2212 460
2212 825
2212 698
2212 372
2212 520
2212 723
2212 105
2212 50
2212 223
2212 171
2212 316
2212 332
2212 137
2212 567
2212 819
2212 664
2212 498
2212 18
2212 625
2212 836
2212 374
2212 489
2212 119
2212 530
2212 10
2212 781
2212 597
2212 302
2212 546
2212 113
2212 581
2212 94
2212 210
2212 413
2212 585
2212 751
2212 626
2212 179
2212 431
2212 202
2212 580
2212 96
2212 125
2212 420
2212 587
2212 577
2212 686
2212 26
2212 829
2212 67
2212 133
2212 757
2212 466
2212 628
2212 443
2212 11
2212 272
2212 737
2212 390
2212 519
2212 826
2212 305
2212 666
2212 433
2212 637
2212 6
2212 832
2212 235
2212 400
2212 724
2213 699
2213 740
2213 38
2213 399
2213 681
2213 518
2213 138
2213 689
2213 284
2213 257
2213 386
2213 660
2213 149
2213 7
2213 204
2213 269
2213 589
2213 326
2213 61
2213 730
2213 62
2213 312
2213 188
2213 539
2213 427
2213 805
2213 687
2213 354
2213 63
2213 355
2213 831
2213 731
2213 776
2213 736
2213 41
2213 196
2213 233
2213 12
2213 236
2213 618
2213 243
2213 117
2213 266
2213 434
2213 782
2213 197
2213 595
2213 683
2213 643
2213 525
2213 428
2213 245
2213 297
2213 491
2213 385
2213 497
2213 422
2213 703
2213 590
2213 419
2213 404
2213 178
2213 564
2213 43
2213 357
2213 201
2213 482
2213 533
2213 108
2213 821
2213 200
2213 164
2213 471
2213 341
2213 557
2213 116
2213 337
2213 808
2213 14
2213 610
2213 697
2213 502
2213 184
2213 411
2213 102
2213 701
2213 818
2213 268
2213 771
2213 669
2213 328
2213 30
2213 212
2213 614
2213 521
2213 665
2213 412
2213 663
2213 309
2213 804
2213 566
2213 685
2213 392
2213 35
2213 409
2213 478
2213 492
2213 825
2213 223
2213 137
2213 93
2213 819
2213 498
2213 721
2213 145
2213 836
2213 408
2213 636
2213 9
2213 494
2213 120
2213 113
2213 581
2213 786
2213 94
2213 199
2213 462
2213 413
2213 626
2213 207
2213 192
2213 306
2213 133
2213 709
2213 504
2213 115
2213 373
2213 627
2213 390
2213 617
2213 433
2213 211
2213 832
2213 235
2214 87
2214 716
2215 745
2215 464
2215 753
2215 800
2216 98
2217 296
2218 410
2219 106
2220 45
2221 476
2222 98
2223 713
2224 1
2225 98
2226 296
2226 564
2226 288
2226 431
2227 309
2228 810
2229 787
2229 123
2229 355
2229 112
2229 735
2229 184
2229 66
2229 28
2229 413
2229 622
2230 87
2230 815
2231 728
2231 89
2231 432
2231 606
2231 38
2231 399
2231 681
2231 511
2231 578
2231 518
2231 660
2231 7
2231 563
2231 129
2231 286
2231 269
2231 477
2231 326
2231 61
2231 616
2231 730
2231 361
2231 535
2231 62
2231 312
2231 464
2231 427
2231 687
2231 355
2231 792
2231 588
2231 831
2231 258
2231 36
2231 41
2231 175
2231 12
2231 236
2231 712
2231 618
2231 706
2231 503
2231 243
2231 434
2231 734
2231 17
2231 197
2231 683
2231 643
2231 232
2231 424
2231 245
2231 297
2231 508
2231 322
2231 590
2231 624
2231 110
2231 43
2231 295
2231 163
2231 465
2231 749
2231 708
2231 200
2231 401
2231 839
2231 164
2231 21
2231 148
2231 557
2231 812
2231 101
2231 300
2231 116
2231 337
2231 801
2231 671
2231 541
2231 381
2231 808
2231 203
2231 610
2231 742
2231 173
2231 281
2231 82
2231 184
2231 25
2231 279
2231 701
2231 817
2231 818
2231 127
2231 750
2231 234
2231 180
2231 635
2231 412
2231 804
2231 515
2231 249
2231 193
2231 161
2231 222
2231 685
2231 392
2231 371
2231 35
2231 651
2231 592
2231 407
2231 478
2231 492
2231 394
2231 621
2231 825
2231 723
2231 105
2231 50
2231 332
2231 567
2231 819
2231 664
2231 652
2231 513
2231 174
2231 145
2231 217
2231 119
2231 494
2231 813
2231 597
2231 28
2231 552
2231 581
2231 653
2231 94
2231 790
2231 106
2231 461
2231 413
2231 310
2231 219
2231 179
2231 393
2231 192
2231 202
2231 580
2231 420
2231 577
2231 205
2231 632
2231 147
2231 709
2231 504
2231 57
2231 224
2231 373
2231 390
2231 162
2231 433
2231 225
2231 6
2231 83
2231 323
2232 98
2233 550
2233 427
2233 27
2233 413
2233 259
2234 45
2235 455
2235 576
2235 202
2236 98
2237 634
2238 575
2238 536
2239 503
2239 65
2239 449
2239 783
2239 459
2239 134
2240 112
2241 555
2241 788
2241 707
2241 359
2241 69
2241 42
2241 160
2241 725
2241 652
2241 211
2241 835
2242 12
2242 70
2242 825
2243 452
2243 497
2243 102
2243 546
2244 824
2245 506
2245 741
2246 811
2247 98
2248 89
2248 184
2248 314
2248 105
2248 373
2249 296
2250 487
2250 82
2250 184
2250 105
2250 373
2251 815
2251 122
2251 12
2251 525
2251 103
2251 839
2251 392
2251 145
2251 709
2252 764
2252 160
2253 89
2253 413
2254 46
2254 83
2255 555
2255 87
2255 86
2255 815
2255 233
2255 240
2255 296
2255 469
2255 69
2255 42
2255 725
2255 410
2255 226
2256 575
2257 98
2258 89
2258 80
2258 116
2258 184
2258 413
2258 373
2259 189
2259 45
2260 337
2261 54
2262 322
2263 741
2264 518
2264 386
2264 464
2264 246
2264 21
2264 318
2264 217
2264 408
2265 189
2266 322
2267 45
2268 296
2269 98
2270 476
2271 98
2272 476
2273 476
2274 476
2275 576
2276 89
2276 802
2276 38
2276 681
2276 511
2276 658
2276 7
2276 563
2276 61
2276 86
2276 312
2276 380
2276 464
2276 114
2276 348
2276 329
2276 122
2276 293
2276 63
2276 588
2276 402
2276 196
2276 233
2276 12
2276 278
2276 706
2276 457
2276 559
2276 683
2276 643
2276 525
2276 103
2276 141
2276 422
2276 590
2276 419
2276 404
2276 178
2276 564
2276 827
2276 108
2276 200
2276 839
2276 27
2276 793
2276 536
2276 69
2276 817
2276 818
2276 473
2276 30
2276 635
2276 76
2276 161
2276 392
2276 34
2276 825
2276 105
2276 223
2276 430
2276 567
2276 819
2276 664
2276 561
2276 352
2276 217
2276 636
2276 113
2276 446
2276 785
2276 413
2276 192
2276 306
2276 202
2276 420
2276 632
2276 421
2276 709
2276 124
2276 225
2277 476
2278 464
2278 293
2278 792
2278 12
2278 339
2278 24
2278 613
2278 773
2278 200
2278 635
2278 179
2278 192
2279 815
2279 45
2279 54
2280 815
2280 465
2281 607
2282 87
2282 122
2282 229
2282 716
2282 54
2283 733
2284 208
2285 677
2286 741
2287 470
2287 381
2287 160
2287 331
2288 575
2289 673
2289 770
2289 166
2290 476
2291 740
2291 660
2291 616
2291 398
2291 734
2291 17
2291 80
2291 194
2291 251
2291 187
2291 584
2291 590
2291 295
2291 163
2291 696
2291 116
2291 337
2291 391
2291 82
2291 668
2291 407
2291 581
2291 373
2292 89
2292 38
2292 681
2292 81
2292 378
2292 578
2292 641
2292 7
2292 269
2292 477
2292 380
2292 114
2292 687
2292 122
2292 293
2292 792
2292 588
2292 537
2292 12
2292 95
2292 503
2292 559
2292 499
2292 251
2292 141
2292 187
2292 322
2292 255
2292 778
2292 633
2292 662
2292 465
2292 200
2292 307
2292 557
2292 27
2292 667
2292 69
2292 441
2292 682
2292 472
2292 308
2292 281
2292 817
2292 818
2292 234
2292 30
2292 289
2292 392
2292 4
2292 128
2292 825
2292 105
2292 145
2292 119
2292 597
2292 552
2292 680
2292 413
2292 67
2292 709
2292 373
2292 433
2292 83
2293 62
2294 548
2295 184
2295 314
2296 399
2296 681
2296 578
2296 257
2296 660
2296 7
2296 274
2296 216
2296 286
2296 477
2296 730
2296 361
2296 464
2296 114
2296 687
2296 815
2296 517
2296 122
2296 355
2296 377
2296 792
2296 258
2296 36
2296 736
2296 537
2296 12
2296 236
2296 618
2296 706
2296 190
2296 434
2296 296
2296 17
2296 197
2296 327
2296 661
2296 525
2296 103
2296 382
2296 141
2296 187
2296 497
2296 590
2296 419
2296 624
2296 662
2296 176
2296 1
2296 108
2296 749
2296 708
2296 200
2296 557
2296 101
2296 27
2296 801
2296 667
2296 808
2296 441
2296 682
2296 186
2296 227
2296 238
2296 493
2296 308
2296 14
2296 610
2296 502
2296 701
2296 817
2296 818
2296 127
2296 770
2296 118
2296 495
2296 573
2296 249
2296 403
2296 474
2296 222
2296 338
2296 392
2296 35
2296 177
2296 394
2296 520
2296 105
2296 367
2296 567
2296 652
2296 513
2296 145
2296 636
2296 528
2296 597
2296 552
2296 546
2296 680
2296 581
2296 94
2296 461
2296 413
2296 219
2296 192
2296 420
2296 829
2296 709
2296 373
2296 737
2296 390
2296 433
2297 650
2297 294
2297 275
2297 815
2297 142
2297 135
2297 56
2297 245
2297 295
2297 538
2297 140
2297 78
2297 306
2297 437
2298 89
2298 740
2298 269
2298 143
2298 112
2298 17
2298 783
2298 80
2298 251
2298 584
2298 564
2298 213
2298 295
2298 735
2298 708
2298 47
2298 184
2298 314
2298 411
2298 521
2298 105
2298 513
2298 552
2298 94
2298 106
2298 751
2298 632
2298 373
2298 540
2299 578
2299 269
2299 377
2299 537
2299 618
2299 706
2299 190
2299 358
2299 176
2299 839
2299 557
2299 808
2299 635
2299 222
2299 392
2299 35
2299 105
2299 205
2299 709
2299 373
2299 390
2299 826
2299 225
2300 160
2301 296
2302 575
2303 208
2304 659
2305 476
2306 575
2307 775
2307 574
2308 787
2308 322
2309 296
2309 103
2309 725
2310 616
2310 86
2310 629
2310 135
2310 618
2310 706
2310 190
2310 559
2310 499
2310 232
2310 245
2310 228
2310 213
2310 295
2310 533
2310 163
2310 749
2310 708
2310 281
2310 411
2310 212
2310 651
2310 119
2310 552
2310 106
2310 179
2310 306
2310 373
2310 6
2310 540
2310 235
2310 323
2311 275
2311 72
2311 609
2311 476
2312 728
2312 84
2312 89
2312 514
2312 802
2312 531
2312 606
2312 447
2312 568
2312 107
2312 38
2312 399
2312 681
2312 335
2312 68
2312 578
2312 518
2312 816
2312 138
2312 257
2312 383
2312 715
2312 149
2312 7
2312 88
2312 44
2312 39
2312 777
2312 121
2312 269
2312 477
2312 61
2312 275
2312 730
2312 743
2312 756
2312 86
2312 252
2312 380
2312 539
2312 427
2312 722
2312 114
2312 805
2312 687
2312 517
2312 354
2312 348
2312 798
2312 329
2312 293
2312 656
2312 63
2312 355
2312 792
2312 588
2312 36
2312 799
2312 402
2312 196
2312 233
2312 537
2312 496
2312 95
2312 278
2312 618
2312 706
2312 613
2312 190
2312 117
2312 434
2312 449
2312 714
2312 261
2312 262
2312 734
2312 17
2312 429
2312 783
2312 60
2312 130
2312 683
2312 661
2312 643
2312 525
2312 560
2312 103
2312 245
2312 438
2312 141
2312 187
2312 322
2312 497
2312 631
2312 422
2312 590
2312 419
2312 277
2312 110
2312 343
2312 564
2312 451
2312 228
2312 526
2312 482
2312 533
2312 176
2312 638
2312 163
2312 465
2312 200
2312 839
2312 549
2312 676
2312 557
2312 838
2312 165
2312 27
2312 116
2312 47
2312 273
2312 263
2312 536
2312 69
2312 543
2312 808
2312 441
2312 700
2312 682
2312 238
2312 493
2312 308
2312 610
2312 697
2312 742
2312 22
2312 502
2312 762
2312 279
2312 102
2312 817
2312 818
2312 234
2312 771
2312 770
2312 473
2312 488
2312 30
2312 212
2312 512
2312 248
2312 301
2312 635
2312 614
2312 495
2312 551
2312 85
2312 309
2312 505
2312 615
2312 249
2312 193
2312 593
2312 755
2312 222
2312 392
2312 242
2312 159
2312 423
2312 409
2312 104
2312 694
2312 394
2312 825
2312 698
2312 372
2312 723
2312 105
2312 223
2312 567
2312 819
2312 664
2312 822
2312 498
2312 837
2312 561
2312 772
2312 145
2312 352
2312 368
2312 489
2312 119
2312 530
2312 528
2312 10
2312 813
2312 597
2312 546
2312 94
2312 210
2312 446
2312 785
2312 413
2312 179
2312 306
2312 440
2312 202
2312 580
2312 96
2312 420
2312 577
2312 347
2312 126
2312 632
2312 421
2312 67
2312 623
2312 226
2312 657
2312 373
2312 272
2312 390
2312 225
2312 6
2312 540
2312 832
2312 182
2312 235
2312 400
2313 298
2314 74
2315 103
2315 725
2316 296
2317 89
2317 810
2317 606
2317 447
2317 107
2317 399
2317 578
2317 7
2317 283
2317 39
2317 286
2317 477
2317 61
2317 275
2317 361
2317 86
2317 252
2317 380
2317 427
2317 517
2317 798
2317 122
2317 293
2317 619
2317 792
2317 588
2317 258
2317 402
2317 500
2317 537
2317 12
2317 95
2317 278
2317 236
2317 618
2317 706
2317 503
2317 117
2317 387
2317 525
2317 103
2317 16
2317 428
2317 245
2317 438
2317 365
2317 824
2317 187
2317 631
2317 255
2317 419
2317 764
2317 778
2317 794
2317 562
2317 662
2317 228
2317 482
2317 176
2317 1
2317 465
2317 100
2317 108
2317 69
2317 169
2317 591
2317 441
2317 700
2317 682
2317 472
2317 238
2317 308
2317 14
2317 610
2317 366
2317 701
2317 244
2317 817
2317 818
2317 234
2317 684
2317 212
2317 614
2317 495
2317 515
2317 685
2317 392
2317 4
2317 409
2317 698
2317 105
2317 567
2317 819
2317 145
2317 66
2317 597
2317 680
2317 113
2317 446
2317 413
2317 306
2317 440
2317 202
2317 425
2317 580
2317 420
2317 577
2317 67
2317 57
2317 467
2317 6
2317 323
2317 400
2318 89
2319 160
2320 54
2321 98
2322 704
2322 449
2322 485
2322 22
2322 524
2322 817
2322 685
2322 242
2322 546
2323 143
2323 731
2323 584
2323 295
2323 82
2324 89
2325 728
2325 84
2325 432
2325 807
2325 606
2325 740
2325 568
2325 38
2325 399
2325 578
2325 518
2325 138
2325 641
2325 257
2325 507
2325 660
2325 149
2325 7
2325 181
2325 417
2325 283
2325 44
2325 216
2325 39
2325 286
2325 121
2325 269
2325 730
2325 361
2325 150
2325 62
2325 629
2325 464
2325 539
2325 427
2325 687
2325 517
2325 354
2325 798
2325 656
2325 355
2325 377
2325 792
2325 588
2325 41
2325 537
2325 496
2325 12
2325 95
2325 556
2325 236
2325 618
2325 706
2325 243
2325 190
2325 449
2325 714
2325 191
2325 261
2325 559
2325 499
2325 17
2325 197
2325 99
2325 435
2325 271
2325 643
2325 103
2325 484
2325 358
2325 438
2325 395
2325 365
2325 187
2325 497
2325 422
2325 590
2325 419
2325 633
2325 624
2325 404
2325 110
2325 475
2325 794
2325 582
2325 501
2325 564
2325 228
2325 357
2325 295
2325 533
2325 176
2325 735
2325 465
2325 708
2325 200
2325 839
2325 164
2325 21
2325 838
2325 300
2325 27
2325 116
2325 337
2325 801
2325 47
2325 375
2325 536
2325 667
2325 169
2325 808
2325 591
2325 441
2325 726
2325 186
2325 75
2325 308
2325 610
2325 22
2325 502
2325 231
2325 701
2325 817
2325 750
2325 234
2325 328
2325 212
2325 301
2325 635
2325 573
2325 665
2325 309
2325 615
2325 289
2325 222
2325 338
2325 685
2325 392
2325 35
2325 409
2325 651
2325 104
2325 389
2325 177
2325 605
2325 394
2325 621
2325 825
2325 698
2325 372
2325 105
2325 223
2325 367
2325 137
2325 819
2325 664
2325 822
2325 498
2325 513
2325 145
2325 636
2325 119
2325 9
2325 781
2325 597
2325 552
2325 546
2325 113
2325 581
2325 346
2325 94
2325 210
2325 413
2325 751
2325 151
2325 219
2325 207
2325 179
2325 192
2325 306
2325 580
2325 420
2325 587
2325 577
2325 611
2325 205
2325 26
2325 688
2325 632
2325 67
2325 57
2325 757
2325 373
2325 737
2325 390
2325 162
2325 433
2325 225
2325 6
2325 83
2325 235
2325 835
2325 400
2326 296
2327 634
2328 322
2328 160
2329 54
2330 815
2331 695
2331 787
2331 208
2331 646
2332 62
2333 512
2334 789
2335 333
2335 200
2335 124
2336 54
2337 68
2337 91
2337 283
2337 743
2337 293
2337 792
2337 324
2337 693
2337 12
2337 503
2337 613
2337 325
2337 579
2337 158
2337 307
2337 341
2337 8
2337 677
2337 536
2337 808
2337 227
2337 308
2337 524
2337 388
2337 152
2337 804
2337 652
2337 413
2337 179
2337 192
2337 577
2338 334
2338 299
2338 644
2338 0
2338 603
2339 103
2339 725
2340 296
2341 89
2341 718
2341 660
2341 149
2341 706
2341 734
2341 17
2341 683
2341 643
2341 245
2341 194
2341 251
2341 187
2341 584
2341 590
2341 295
2341 33
2341 735
2341 116
2341 337
2341 82
2341 184
2341 314
2341 612
2341 279
2341 105
2341 513
2341 145
2341 581
2341 94
2341 280
2341 134
2342 322
2343 62
2344 787
2344 830
2344 322
2344 46
2345 815
2345 245
2345 54
2346 350
2347 296
2348 704
2348 748
2348 752
2348 575
2348 814
2349 98
2350 754
2350 298
2351 45
2352 105
2353 116
2354 575
2355 274
2355 233
2355 296
2355 382
2355 834
2355 750
2356 103
2356 725
2357 112
2357 184
2357 177
2358 427
2358 792
2358 579
2358 43
2358 200
2358 70
2358 472
2358 308
2358 35
2358 790
2359 103
2360 442
2361 214
2361 49
2361 490
2361 275
2361 185
2361 252
2361 418
2361 815
2361 798
2361 654
2361 416
2361 648
2361 675
2361 56
2361 534
2361 768
2361 803
2361 833
2361 677
2361 840
2361 542
2361 90
2361 797
2361 784
2361 608
2361 144
2361 702
2361 571
2361 51
2361 448
2361 795
2361 13
2361 437
2361 647
2361 454
2362 195
2362 276
2362 198
2362 275
2362 815
2362 823
2362 536
2362 762
2362 678
2362 321
2362 420
2362 569
2363 29
2364 455
2364 71
2365 817
2365 192
2366 160
2366 111
2367 803
2367 155
2368 728
2368 146
2368 84
2368 89
2368 432
2368 514
2368 447
2368 38
2368 399
2368 681
2368 511
2368 68
2368 578
2368 518
2368 138
2368 641
2368 257
2368 660
2368 139
2368 7
2368 572
2368 417
2368 44
2368 766
2368 216
2368 286
2368 269
2368 477
2368 760
2368 61
2368 616
2368 787
2368 730
2368 361
2368 86
2368 535
2368 220
2368 62
2368 629
2368 464
2368 427
2368 114
2368 687
2368 815
2368 798
2368 355
2368 792
2368 588
2368 831
2368 258
2368 36
2368 586
2368 41
2368 496
2368 12
2368 95
2368 236
2368 712
2368 618
2368 706
2368 759
2368 77
2368 503
2368 243
2368 190
2368 117
2368 642
2368 679
2368 780
2368 449
2368 690
2368 714
2368 261
2368 559
2368 499
2368 17
2368 197
2368 60
2368 761
2368 172
2368 643
2368 525
2368 560
2368 232
2368 103
2368 80
2368 438
2368 297
2368 508
2368 630
2368 830
2368 141
2368 187
2368 322
2368 497
2368 584
2368 590
2368 419
2368 633
2368 624
2368 404
2368 110
2368 475
2368 311
2368 598
2368 582
2368 501
2368 564
2368 662
2368 228
2368 183
2368 213
2368 295
2368 545
2368 533
2368 735
2368 163
2368 465
2368 749
2368 708
2368 200
2368 401
2368 839
2368 549
2368 557
2368 317
2368 838
2368 300
2368 405
2368 116
2368 337
2368 801
2368 47
2368 671
2368 541
2368 536
2368 381
2368 543
2368 808
2368 591
2368 441
2368 682
2368 203
2368 308
2368 610
2368 742
2368 22
2368 502
2368 281
2368 279
2368 411
2368 362
2368 701
2368 817
2368 818
2368 127
2368 750
2368 234
2368 212
2368 301
2368 180
2368 635
2368 614
2368 573
2368 747
2368 804
2368 615
2368 515
2368 458
2368 249
2368 222
2368 392
2368 371
2368 242
2368 729
2368 35
2368 651
2368 592
2368 407
2368 672
2368 177
2368 492
2368 394
2368 621
2368 825
2368 698
2368 372
2368 520
2368 723
2368 105
2368 50
2368 332
2368 367
2368 567
2368 819
2368 664
2368 513
2368 145
2368 119
2368 9
2368 781
2368 253
2368 813
2368 597
2368 552
2368 546
2368 113
2368 581
2368 346
2368 94
2368 210
2368 106
2368 461
2368 280
2368 413
2368 751
2368 219
2368 207
2368 527
2368 179
2368 192
2368 306
2368 202
2368 599
2368 580
2368 125
2368 420
2368 577
2368 205
2368 554
2368 26
2368 632
2368 67
2368 774
2368 709
2368 504
2368 57
2368 224
2368 757
2368 373
2368 649
2368 737
2368 390
2368 162
2368 433
2368 225
2368 313
2368 6
2368 83
2368 540
2368 235
2368 323
2368 400
2369 29
2369 668
2370 183
2370 93
2371 410
2372 595
2372 579
2372 43
2372 70
2372 472
2373 824
2374 89
2374 112
2374 17
2374 194
2374 53
2374 82
2374 521
2374 373
2375 14
2375 392
2375 779
2376 692
2377 603
2378 705
2378 98
2379 671
2380 606
2380 275
2380 449
2380 22
2380 524
2380 523
2380 817
2380 309
2380 685
2380 242
2380 159
2380 423
2380 316
2380 483
2380 368
2380 529
2380 546
2380 769
2380 192
2380 182
2381 45
2382 98
2383 45
2384 103
2384 725
2385 40
2385 728
2385 84
2385 89
2385 31
2385 807
2385 802
2385 23
2385 699
2385 5
2385 604
2385 170
2385 509
2385 606
2385 444
2385 447
2385 740
2385 568
2385 107
2385 38
2385 399
2385 681
2385 68
2385 578
2385 518
2385 765
2385 138
2385 689
2385 284
2385 257
2385 658
2385 383
2385 386
2385 507
2385 660
2385 439
2385 149
2385 254
2385 7
2385 274
2385 91
2385 572
2385 563
2385 417
2385 283
2385 239
2385 44
2385 766
2385 241
2385 237
2385 129
2385 717
2385 216
2385 39
2385 777
2385 286
2385 406
2385 121
2385 269
2385 477
2385 589
2385 326
2385 820
2385 760
2385 61
2385 414
2385 143
2385 275
2385 730
2385 361
2385 167
2385 86
2385 535
2385 264
2385 220
2385 550
2385 745
2385 62
2385 312
2385 188
2385 252
2385 380
2385 464
2385 123
2385 539
2385 427
2385 722
2385 805
2385 687
2385 517
2385 354
2385 156
2385 798
2385 363
2385 122
2385 293
2385 656
2385 619
2385 63
2385 355
2385 553
2385 377
2385 792
2385 588
2385 831
2385 731
2385 258
2385 415
2385 776
2385 767
2385 736
2385 799
2385 41
2385 208
2385 175
2385 693
2385 3
2385 37
2385 196
2385 233
2385 537
2385 744
2385 12
2385 544
2385 556
2385 236
2385 712
2385 618
2385 706
2385 351
2385 503
2385 339
2385 24
2385 131
2385 243
2385 436
2385 117
2385 266
2385 453
2385 679
2385 434
2385 780
2385 690
2385 261
2385 296
2385 319
2385 559
2385 583
2385 56
2385 782
2385 499
2385 157
2385 364
2385 17
2385 197
2385 327
2385 60
2385 595
2385 800
2385 369
2385 130
2385 683
2385 661
2385 99
2385 435
2385 271
2385 330
2385 643
2385 674
2385 525
2385 560
2385 232
2385 103
2385 424
2385 428
2385 382
2385 358
2385 463
2385 245
2385 438
2385 763
2385 158
2385 194
2385 365
2385 297
2385 508
2385 491
2385 758
2385 385
2385 824
2385 215
2385 480
2385 187
2385 360
2385 497
2385 255
2385 422
2385 336
2385 703
2385 590
2385 419
2385 624
2385 247
2385 287
2385 404
2385 110
2385 598
2385 582
2385 178
2385 501
2385 564
2385 662
2385 228
2385 183
2385 426
2385 136
2385 59
2385 43
2385 213
2385 357
2385 201
2385 526
2385 482
2385 533
2385 20
2385 176
2385 638
2385 33
2385 732
2385 639
2385 163
2385 465
2385 100
2385 710
2385 356
2385 108
2385 821
2385 285
2385 655
2385 749
2385 376
2385 708
2385 200
2385 839
2385 164
2385 359
2385 471
2385 307
2385 52
2385 676
2385 341
2385 21
2385 8
2385 739
2385 148
2385 557
2385 479
2385 720
2385 727
2385 101
2385 300
2385 27
2385 116
2385 337
2385 801
2385 670
2385 375
2385 828
2385 793
2385 671
2385 677
2385 381
2385 342
2385 808
2385 591
2385 441
2385 682
2385 282
2385 396
2385 227
2385 203
2385 472
2385 238
2385 493
2385 308
2385 14
2385 610
2385 697
2385 840
2385 742
2385 353
2385 366
2385 502
2385 281
2385 82
2385 184
2385 231
2385 25
2385 411
2385 102
2385 154
2385 362
2385 701
2385 244
2385 817
2385 818
2385 127
2385 234
2385 268
2385 771
2385 684
2385 669
2385 770
2385 328
2385 30
2385 48
2385 152
2385 212
2385 301
2385 118
2385 379
2385 635
2385 614
2385 0
2385 495
2385 551
2385 573
2385 521
2385 665
2385 412
2385 663
2385 309
2385 320
2385 804
2385 481
2385 505
2385 615
2385 515
2385 620
2385 458
2385 691
2385 193
2385 289
2385 566
2385 132
2385 403
2385 474
2385 161
2385 222
2385 338
2385 685
2385 392
2385 349
2385 371
2385 729
2385 35
2385 4
2385 260
2385 409
2385 651
2385 104
2385 389
2385 694
2385 478
2385 672
2385 738
2385 177
2385 492
2385 570
2385 128
2385 605
2385 394
2385 621
2385 460
2385 825
2385 698
2385 372
2385 723
2385 105
2385 50
2385 223
2385 209
2385 367
2385 137
2385 93
2385 567
2385 819
2385 664
2385 652
2385 822
2385 498
2385 18
2385 513
2385 174
2385 561
2385 772
2385 145
2385 265
2385 217
2385 836
2385 408
2385 374
2385 636
2385 489
2385 9
2385 530
2385 528
2385 10
2385 66
2385 781
2385 290
2385 529
2385 601
2385 494
2385 120
2385 597
2385 28
2385 552
2385 302
2385 546
2385 680
2385 532
2385 113
2385 168
2385 581
2385 786
2385 653
2385 346
2385 486
2385 345
2385 94
2385 210
2385 218
2385 106
2385 461
2385 462
2385 558
2385 413
2385 585
2385 791
2385 340
2385 219
2385 626
2385 207
2385 179
2385 192
2385 468
2385 202
2385 425
2385 221
2385 125
2385 420
2385 577
2385 686
2385 611
2385 292
2385 26
2385 267
2385 688
2385 632
2385 421
2385 829
2385 147
2385 67
2385 133
2385 709
2385 437
2385 504
2385 57
2385 224
2385 757
2385 115
2385 657
2385 373
2385 259
2385 627
2385 272
2385 809
2385 737
2385 390
2385 397
2385 826
2385 305
2385 617
2385 64
2385 666
2385 162
2385 433
2385 225
2385 637
2385 6
2385 211
2385 83
2385 540
2385 832
2385 235
2385 835
2385 323
2385 400
2386 304
2386 322
2386 764
2386 476
2386 69
2386 160
2386 483
2387 109
2387 153
2387 208
2387 2
2387 646
2387 576
2387 659
